ds,yhat,yhat_lower,yhat_upper,Store
2013-01-02,5464.406969714691,3925.1001331035213,7103.810941806766,44
2013-01-03,5245.868304176742,3792.6510527692367,6868.899521074425,44
2013-01-04,5398.945006490922,3900.195866454043,6934.104578936766,44
2013-01-05,3517.8714761161077,1959.137854673537,5080.967477287098,44
2013-01-07,6562.992940066813,5004.963552837289,8101.830150213051,44
2013-01-08,5373.359847943452,3850.069780472132,6916.056024782236,44
2013-01-09,5046.729303093249,3474.205785946438,6713.866072590564,44
2013-01-10,4861.6208039291405,3281.3133036392146,6317.618570446557,44
2013-01-11,5049.93342671701,3439.545852101066,6627.69768696225,44
2013-01-12,3205.323904551698,1658.5456797974155,4793.900187553436,44
2013-01-14,6324.8272305861,4698.6729994629495,7911.069113249374,44
2013-01-15,5172.062858559011,3629.0059007993623,6667.582274180402,44
2013-01-16,4881.445649000297,3368.3360864945657,6488.801436233173,44
2013-01-17,4731.067831520407,3271.285914134755,6293.216101027018,44
2013-01-18,4952.449231259158,3355.9638903336613,6533.919676282846,44
2013-01-19,3138.9184517334907,1605.998802720593,4776.812505674489,44
2013-01-21,6313.562300679931,4816.1619210065755,7955.047827740789,44
2013-01-22,5184.470099512059,3654.765581894385,6794.134330961044,44
2013-01-23,4914.754020813122,3377.9933920636895,6352.4184192827015,44
2013-01-24,4782.439681030818,3167.96354340652,6359.9525390445415,44
2013-01-25,5019.026952802518,3519.19245666125,6578.009578525381,44
2013-01-26,3217.8675742160804,1628.2810493033057,4675.070435474241,44
2013-01-28,6409.03439712802,4761.606690182527,7971.989201325619,44
2013-01-29,5284.3179894141895,3703.520614681551,6797.426361548128,44
2013-01-30,5016.582700922058,3443.2010108299414,6610.265734347099,44
2013-01-31,4884.028557603371,3347.4417575376156,6371.25007339405,44
2013-02-01,5118.346974292672,3583.807703601211,6626.441945437508,44
2013-02-02,3313.094389302096,1781.2063536460134,4808.451425319637,44
2013-02-04,6491.464787304045,4981.519189671791,7976.572047470731,44
2013-02-05,5358.489313442469,3813.193058628954,6841.5689540437115,44
2013-02-06,5081.553479054898,3528.7569078524803,6515.101426316007,44
2013-02-07,4939.080447795319,3416.3924287827504,6489.518828128234,44
2013-02-08,5162.981575490843,3639.858719439318,6789.507150658046,44
2013-02-09,3347.0285164976312,1934.8064436105387,4856.8427691355955,44
2013-02-11,6503.97810004167,4896.856522267751,8094.919874817661,44
2013-02-12,5360.678343791801,3887.73910908154,6990.149733488159,44
2013-02-13,5073.925248054249,3421.695936702015,6609.970666250545,44
2013-02-14,4922.316972810995,3432.3304346828395,6420.731990075234,44
2013-02-15,5137.928958670027,3510.75005365346,6824.739593315779,44
2013-02-16,3314.6849895011947,1634.6242631316238,4765.082484818772,44
2013-02-18,6460.589156299819,4908.160733097258,7980.946689127148,44
2013-02-19,5313.768403386744,3816.008496772027,6839.3663759055335,44
2013-02-20,5024.956672531581,3536.7275240189974,6570.395459760875,44
2013-02-21,4872.824881343163,3011.072436421341,6374.691073610101,44
2013-02-22,5089.5007896607685,3518.969616138043,6723.587446876469,44
2013-02-23,3268.938491365633,1748.9750847023051,4844.838914136403,44
2013-02-25,6425.061740573195,4908.596812984516,7885.52344461444,44
2013-02-26,5285.716584765863,3728.199525102752,6887.019972330559,44
2013-02-27,5005.872756809829,3453.9315072711747,6659.589315413011,44
2013-02-28,4864.103762058915,3192.0231007620964,6416.023363017904,44
2013-03-01,5092.413104482631,3564.888550591043,6604.457892323903,44
2013-03-02,3284.6044223137105,1736.4601013898828,4920.336252860086,44
2013-03-04,6468.870538577862,4948.939630832094,8045.20733354463,44
2013-03-05,5344.496728935019,3914.4355822480784,6764.438526662375,44
2013-03-06,5079.91412789922,3530.9683479326895,6544.246993199312,44
2013-03-07,4953.445288117093,3343.1355339462616,6509.593207115878,44
2013-03-08,5196.832968111352,3684.384947778228,6733.006886355804,44
2013-03-09,3403.6149499189955,1886.0094753644823,5012.8021595041655,44
2013-03-11,6614.541149965098,5066.978953530904,8128.253321814962,44
2013-03-12,5501.726523613696,3920.7238777904345,6957.429718461346,44
2013-03-13,5247.2060789382485,3806.0847103058354,6816.481345476559,44
2013-03-14,5129.091074094854,3648.273345016208,6671.072376828092,44
2013-03-15,5378.94013881468,3850.248343237943,6994.270313837623,44
2013-03-16,3590.1389318574625,1968.6623796728395,5224.836922971152,44
2013-03-18,6803.341721065062,5337.731528110231,8323.468464712712,44
2013-03-19,5688.277913185067,4108.937198285931,7296.9776113904,44
2013-03-20,5429.250576463511,3808.475065384697,6954.293199361438,44
2013-03-21,5304.428287724164,3795.2426223672005,6743.996160108776,44
2013-03-22,5545.472589886505,4049.3871869009026,7166.122785953578,44
2013-03-23,3745.916480772184,2177.182673241302,5266.783596640443,44
2013-03-25,6932.555926275067,5299.067012419982,8513.788171624066,44
2013-03-26,5802.174896259723,4316.54737731969,7296.4044083626695,44
2013-03-27,5526.853029890596,3827.39496579352,7165.35018383866,44
2013-03-28,5385.0741532243255,3756.7059349430806,7006.888283833302,44
2013-03-30,3791.9984619161214,2127.1901928580082,5332.502022611764,44
2013-04-02,5799.867097357981,4256.983812404617,7339.394983917479,44
2013-04-03,5510.62511634019,3922.2642316455704,7035.2418438069,44
2013-04-04,5356.504219266984,3828.2776952400864,6960.486117657016,44
2013-04-05,5569.7319063461455,4119.581827014824,7114.188677840798,44
2013-04-06,3744.3746739405897,2109.0699776998,5362.957320200378,44
2013-04-08,6887.3558864063525,5352.843131646192,8465.10850751541,44
2013-04-09,5739.914722738046,4205.032228314221,7271.553465021096,44
2013-04-10,5451.122927924633,3814.5364707470258,6982.85029762873,44
2013-04-11,5299.670616101173,3780.1116661174265,6941.191885341983,44
2013-04-12,5517.669142818542,3984.543868356596,7077.6117387409395,44
2013-04-13,3699.019221547478,2278.383310620142,5242.306056047964,44
2013-04-15,6860.338262344231,5272.467951122355,8412.56917737633,44
2013-04-16,5723.989487509447,4147.5215311627435,7163.213112447375,44
2013-04-17,5447.163581455271,3855.394947808889,7052.75197666253,44
2013-04-18,5308.217835149049,3657.4660234236003,6851.95527097121,44
2013-04-19,5538.919674184777,4052.129903415553,7085.927603118299,44
2013-04-20,3732.823372422781,2216.9072113249968,5338.960364905735,44
2013-04-22,6917.4541154666385,5444.8670060398235,8435.179916422792,44
2013-04-23,5791.234996389972,4212.8212603894535,7198.567115494913,44
2013-04-24,5523.147864741895,4008.003215672794,7085.267382171556,44
2013-04-25,5391.31460609293,3928.74397598195,6990.159990373738,44
2013-04-26,5627.310081636402,4128.237651660488,7110.215020541275,44
2013-04-27,3824.543481769526,2216.163723543732,5348.164239889341,44
2013-04-29,7009.617898655586,5481.972331934662,8564.64386359891,44
2013-04-30,5880.483754404891,4422.350387048506,7528.865224632542,44
2013-05-02,5468.783087379947,4075.5601222584796,7110.438579622108,44
2013-05-03,5696.192209178985,4107.760002028382,7113.209311447614,44
2013-05-04,3883.3017654392343,2242.9410258877288,5503.806215337911,44
2013-05-06,7044.515709445829,5480.940132024915,8610.883338435504,44
2013-05-07,5902.212449780076,4324.840478416396,7538.702853139268,44
2013-05-08,5615.601205463554,4147.138206626413,7145.727844452545,44
2013-05-10,5677.166947859911,4105.153072977023,7183.52416500796,44
2013-05-11,3851.3133693555747,2303.003452930095,5473.92200054036,44
2013-05-13,6989.257172829537,5303.191822345349,8531.198046226342,44
2013-05-14,5837.131823733133,4213.463541118963,7310.546583901186,44
2013-05-15,5542.170608152208,3944.805540478,7074.938287680354,44
2013-05-16,5383.072409013997,3876.8782713037435,6959.725811585994,44
2013-05-17,5591.988022157409,3982.884915930569,7252.662871741414,44
2013-05-18,3762.88645082746,2207.232958073135,5372.242340460752,44
2013-05-21,5749.351111563878,4124.624592278969,7385.234405926244,44
2013-05-22,5457.764360417146,3877.0258989773083,6978.440725934177,44
2013-05-23,5303.363068268564,3716.468804755797,6923.8154373815405,44
2013-05-24,5518.090656640718,4021.1544024146315,7015.047420185006,44
2013-05-25,3695.681666502179,2115.7873364142893,5255.449225670568,44
2013-05-27,6847.389373999433,5309.78939706336,8411.931492694948,44
2013-05-28,5704.905156481787,4206.3792041761835,7343.647761352323,44
2013-05-29,5420.897641819436,3945.412026090149,7029.881375794067,44
2013-05-30,5273.631818048974,3714.4306874393396,6766.3557424309265,44
2013-05-31,5494.808499031716,3955.0106763429208,6987.263530523023,44
2013-06-01,3677.9434182061577,1998.5803287141475,5300.465161870518,44
2013-06-03,6837.3010270973655,5199.611160667242,8438.982586297063,44
2013-06-04,5696.651647094317,3985.0169609680775,7246.682025463029,44
2013-06-05,5413.038011630461,3913.899816501549,6990.580238784494,44
2013-06-06,5264.692210011226,3707.8373642397933,6755.370770902711,44
2013-06-07,5483.324940353595,3795.5943797013815,6925.6119969020365,44
2013-06-08,3662.5036608069013,2189.570472970887,5259.639125843635,44
2013-06-10,6810.114467495366,5241.738743535726,8473.550784645719,44
2013-06-11,5661.962788357487,4144.416626283091,7277.608525961358,44
2013-06-12,5370.002011644647,3790.743346672247,6886.570706569616,44
2013-06-13,5212.673494713422,3712.9010603659817,6799.481868608123,44
2013-06-14,5421.912620686431,3860.4310703003775,7034.385174745095,44
2013-06-15,3591.5204376204474,1991.5283372162276,5080.481878546721,44
2013-06-17,6720.39677831848,5108.88812621765,8372.325228383232,44
2013-06-18,5563.534277022961,4019.3298233487412,7174.762167065619,44
2013-06-19,5263.578821988185,3570.175448144925,6802.397528738354,44
2013-06-20,5099.155156071552,3596.1946813157456,6642.025336324107,44
2013-06-21,5302.356221307702,3673.9097488777,6925.687433545544,44
2013-06-22,3467.111308638382,1904.3489182230055,4956.162212054698,44
2013-06-24,6590.190562353302,4935.260646606178,8228.35376925455,44
2013-06-25,5432.476247116484,3827.180874526744,6953.617251116868,44
2013-06-26,5133.03963006069,3555.8051987180847,6576.937847496422,44
2013-06-27,4970.470402970674,3385.0043111231366,6567.01534761441,44
2013-06-28,5176.797631239505,3598.0434057061434,6798.879345024598,44
2013-06-29,3345.861317632508,1778.0119670529416,4766.526190705638,44
2013-07-01,6480.646103925375,4878.272663781311,7926.471505503969,44
2013-07-02,5330.062701515805,3812.852796017526,6858.435950001141,44
2013-07-03,5038.417693131934,3581.414894340068,6653.949954966503,44
2013-07-04,4884.154581381662,3460.004501078131,6540.879519441204,44
2013-07-05,5099.1603056237645,3570.6793662350174,6668.566341828996,44
2013-07-06,3277.141590004003,1643.6517904727111,4927.316394668054,44
2013-07-08,6430.0150879221355,4951.25342271253,7946.854067066692,44
2013-07-09,5288.415742377746,3738.1525737639563,6859.2458579926315,44
2013-07-10,5005.624685105051,3343.816657018804,6547.167911013407,44
2013-07-11,4860.046195192176,3286.2584004956097,6425.708054430916,44
2013-07-12,5083.550907516132,3534.1402827165284,6674.053396110473,44
2013-07-13,3269.851332512352,1642.0983852727684,4788.412233713801,44
2013-07-15,6438.945740482939,4876.741816877516,7940.103496799036,44
2013-07-16,5305.350105949504,3750.2049329997553,6934.934284009182,44
2013-07-17,5030.579340667039,3424.25806653996,6655.883297712038,44
2013-07-18,4893.111782084025,3419.4895235788144,6411.001456441636,44
2013-07-19,5124.892910323379,3486.179647230223,6669.287904634652,44
2013-07-20,3319.7058027090143,1756.5376704471712,4840.6678165763315,44
2013-07-22,6506.76413205858,4926.905057763233,8032.772050762686,44
2013-07-23,5382.695552002258,3827.783517537556,7052.818221786754,44
2013-07-24,5117.830792087189,3577.33046836931,6675.002853642542,44
2013-07-25,4990.628650766244,3425.2349752943765,6541.912542206704,44
2013-07-26,5232.98720305998,3665.375898475994,6792.053085746427,44
2013-07-27,3438.6129550762907,1927.5440348277746,5003.907850603715,44
2013-07-29,6647.55082015206,5046.647769219487,8152.552269614632,44
2013-07-30,5534.253243377101,4121.391082089714,7168.035280819415,44
2013-07-31,5279.808594273813,3808.3697523732676,7028.485778637566,44
2013-08-01,5162.471534681917,3619.6773721769896,6719.573752925976,44
2013-08-02,5413.921539580186,3764.333789910982,7016.74950778207,44
2013-08-03,3627.637849779545,2029.9306776348105,5204.49368012966,44
2013-08-05,6848.840820924844,5205.882973336213,8405.878747031291,44
2013-08-06,5739.279906484028,4213.700108471972,7283.464551419205,44
2013-08-07,5486.709557475715,3948.031117746782,7039.18696774195,44
2013-08-08,5369.216282747757,3914.168069082252,6972.022592601877,44
2013-08-09,5618.343892330052,3993.007178866464,7202.844168772596,44
2013-08-10,3827.4743662721585,2327.8186528443766,5416.031547709413,44
2013-08-12,7032.547731937923,5451.239069543657,8569.973536340392,44
2013-08-13,5911.480905908494,4409.480297778162,7449.519513689495,44
2013-08-14,5645.2213173689315,4069.249187196151,7132.01981281779,44
2013-08-15,5512.003567013444,3987.7977496499934,7132.769715418663,44
2013-08-16,5743.570283337172,4094.611255413784,7263.317603273233,44
2013-08-17,3933.550194472672,2329.872330060852,5529.378773623892,44
2013-08-19,7096.753299343772,5481.421464095163,8683.59620146042,44
2013-08-20,5953.655123050874,4337.468504053939,7545.496614696662,44
2013-08-21,5665.1364470472745,4054.2789344618623,7209.595465512706,44
2013-08-22,5509.8295324013425,3895.4085223311677,6990.58070229893,44
2013-08-23,5719.879699815599,4261.697945193927,7190.975699195168,44
2013-08-24,3889.313492404017,2245.1179617549706,5317.672726325805,44
2013-08-26,7015.84225774211,5368.343203119047,8591.21033325012,44
2013-08-27,5857.297406168374,4298.048195295652,7335.140209594688,44
2013-08-28,5555.647164920813,3980.2229106436484,7176.969069160953,44
2013-08-29,5389.752826207096,4029.3512236105544,7084.662217848374,44
2013-08-30,5591.930759521409,4078.406536162848,7157.038658407613,44
2013-08-31,3756.315197077478,2222.709416679612,5324.573052463898,44
2013-09-02,6881.306793123602,5387.152758464209,8467.11372262969,44
2013-09-03,5726.147149865924,4257.838244681486,7458.898925543481,44
2013-09-04,5430.452278249985,3687.3801050022694,6933.37617458097,44
2013-09-05,5272.852549388315,3781.7951087213105,6861.206272761793,44
2013-09-06,5485.373914228,3925.1407180097344,7091.734391145041,44
2013-09-07,3661.8075154923995,2119.766120580266,5295.139332772711,44
2013-09-09,6814.4301614193,5194.173129002106,8287.302000672087,44
2013-09-10,5673.984112847145,4046.4975771344307,7270.6953107528725,44
2013-09-11,5392.994212988576,3900.1247253417014,6955.358119451713,44
2013-09-12,5249.631745518864,3640.412899698512,6836.470127059412,44
2013-09-13,5475.475305156784,3857.8917097654416,7086.1279779764745,44
2013-09-14,3663.892461489498,2029.1957504149993,5100.515994046199,44
2013-09-16,6834.959601625788,5361.342369904748,8517.726788915917,44
2013-09-17,5700.346204083022,4197.128796190467,7312.89419651969,44
2013-09-18,5422.61174793468,4028.780962665766,7026.385519744409,44
2013-09-19,5279.776308177659,3663.4097319721345,6770.68100498369,44
2013-09-20,5503.343016593552,4085.803336285265,7009.514318613318,44
2013-09-21,3686.6826398817766,2101.857437171518,5302.422710184176,44
2013-09-23,6839.601672591965,5286.6809239916,8421.014228982462,44
2013-09-24,5692.314350045171,4116.61062178303,7126.887867134437,44
2013-09-25,5399.889750128178,3834.730905082188,6939.429912903999,44
2013-09-26,5240.71508417636,3754.9084448777558,6779.246432625716,44
2013-09-27,5446.71353388337,3931.512826273604,6996.890729177196,44
2013-09-28,3611.7182159788044,2131.101990702053,5300.772259080598,44
2013-09-30,6727.655945275601,5241.599399790031,8304.445443717092,44
2013-10-01,5562.747202814006,3971.269392321037,7176.809478120601,44
2013-10-02,5253.957300532669,3733.051434309693,6781.35597989883,44
2013-10-04,5273.711157225412,3683.7260135817282,6787.713345858501,44
2013-10-05,3428.8549755221566,1773.1986341488487,4909.396805573883,44
2013-10-07,6534.101678172469,5001.5996802053905,8131.234076740598,44
2013-10-08,5368.825114599374,3784.6914316447155,6913.460434686419,44
2013-10-09,5063.160439030296,3484.5933582534653,6504.736047189339,44
2013-10-10,4896.001095663563,3333.2664320283898,6481.974509984742,44
2013-10-11,5099.652862690611,3577.0443067590054,6754.044412657704,44
2013-10-12,3268.196526352848,1781.913514095971,4783.701003759654,44
2013-10-14,6409.142438101977,4863.918821740367,7867.3100983614895,44
2013-10-15,5265.472508150319,3707.714418408319,6804.3801729080305,44
2013-10-16,4983.349929218155,3469.439000173379,6525.213568066593,44
2013-10-17,4841.176755050523,3327.870965406702,6338.822937856008,44
2013-10-18,5070.730745731088,3501.8779480197063,6711.72742471988,44
2013-10-19,3265.541815097273,1666.9714932580143,4894.972969253571,44
2013-10-21,6457.887612605308,4935.217519749873,8003.6367711577595,44
2013-10-22,5338.265862932898,3746.2792166992813,6874.104134631411,44
2013-10-23,5078.41713337531,3551.161365980969,6597.04787194597,44
2013-10-24,4956.29652796613,3433.281875848503,6554.829077059764,44
2013-10-25,5203.296154812278,3622.0472548677913,6792.218955025559,44
2013-10-26,3412.6322980751925,1775.0947738818206,4990.6892816893205,44
2013-10-28,6624.423347132264,5109.205445893403,8204.090482032505,44
2013-10-29,5509.523898429228,4034.7827125222298,7001.821876630092,44
2013-10-30,5251.087717543693,3667.067340480852,6896.283072329538,44
2013-10-31,5127.205141835509,3509.8468002599443,6671.784747068302,44
2013-11-01,5369.494385322707,3771.6572761125567,7016.515241217734,44
2013-11-02,3571.4833078320703,2041.6302862898233,5159.517610271546,44
2013-11-04,6762.294499798978,5201.877041287362,8244.127852964197,44
2013-11-05,5634.732809411692,4035.380606576057,7212.957355977309,44
2013-11-06,5362.9131556511675,3848.736728430056,6828.314376090109,44
2013-11-07,5225.509773939304,3707.544140548943,6889.243207930287,44
2013-11-08,5454.737201664545,3847.2496827202654,7031.959044663323,44
2013-11-09,3644.7159716661267,2031.7295732120026,5301.820705824489,44
2013-11-11,6816.917620993982,5233.1195895012,8403.491548837164,44
2013-11-12,5683.78018985226,4124.125871711278,7303.960454320171,44
2013-11-13,5409.454688679828,3844.765362299405,7006.274513123499,44
2013-11-14,5272.959883187599,3710.5493952581064,6802.7453612632335,44
2013-11-15,5506.76700434039,4004.708368909887,7063.650027440333,44
2013-11-16,3705.156909513444,2294.8472494501684,5320.710652656557,44
2013-11-18,6905.799974204147,5382.700113547967,8519.024189003698,44
2013-11-19,5792.488580992122,4308.496318813991,7282.998001971605,44
2013-11-20,5541.412624569441,3947.178638096031,7078.881165479623,44
2013-11-21,5431.227969606744,3883.5105215089425,7082.834089343104,44
2013-11-22,5693.948293453834,4090.229681948543,7231.398962158084,44
2013-11-23,3923.3114295727128,2425.2491779424668,5469.942225645749,44
2013-11-25,7189.551645436921,5656.187890187107,8906.946125937158,44
2013-11-26,6109.4622022951735,4502.667146468444,7667.944402306807,44
2013-11-27,5890.895218156956,4418.688118847349,7514.530340458175,44
2013-11-28,5811.7396708064925,4260.837633511032,7298.740792247118,44
2013-11-29,6103.246730252447,4455.975211410681,7564.257806793168,44
2013-11-30,4358.41349093824,2852.9656780800733,5883.291093882072,44
2013-12-02,7664.55868401114,6232.330740808039,9292.728136731235,44
2013-12-03,6597.346545312929,5013.400656979909,8150.665512177337,44
2013-12-04,6386.254158687558,4790.682910066088,7961.442977226942,44
2013-12-05,6308.772029158443,4767.047636850654,7958.971224026415,44
2013-12-06,6595.857477826938,5028.851380249172,8137.9124620267075,44
2013-12-07,4840.325572462387,3277.0272038357875,6361.7123424748415,44
2013-12-09,8106.098994891532,6549.229923153028,9578.032136648917,44
2013-12-10,7009.438344919678,5402.220830254301,8659.846921249218,44
2013-12-11,6763.0660658404295,5144.482915408186,8200.70702222208,44
2013-12-12,6644.868868361321,5087.714430284312,8117.988846046379,44
2013-12-13,6886.30205251235,5264.236246443535,8417.184918030223,44
2013-12-14,5080.770444322739,3569.3047725015376,6646.923068301522,44
2013-12-16,8236.247256662646,6662.045700920683,9866.440786803061,44
2013-12-17,7080.813659685991,5522.292903131944,8627.55988285169,44
2013-12-18,6774.338569899843,5099.639572632625,8366.645830606169,44
2013-12-19,6595.552577503117,4982.89231754967,8204.772140069972,44
2013-12-20,6776.758446047712,5175.3907970209575,8193.263872522968,44
2013-12-21,4912.195896983261,3288.7152706290585,6462.22755464737,44
2013-12-23,7956.38396419168,6363.228365549405,9491.944927979184,44
2013-12-24,6750.163822835307,5112.902924743355,8295.685819342003,44
2013-12-27,6320.5818013462795,4770.084247392146,7776.299807295254,44
2013-12-28,4424.69056063091,2877.903978162917,5940.148355529045,44
2013-12-30,7423.81842944633,5882.576660564116,9030.528167245906,44
2013-12-31,6204.126379695558,4579.181657109499,7737.146014732647,44
2014-01-02,5621.271754695939,4071.1541093064516,7197.805559383851,44
2014-01-03,5769.857100138887,4354.400423750679,7303.807799117692,44
2014-01-04,3883.640494404628,2327.9684235905806,5321.757285738962,44
2014-01-06,6916.93734842529,5324.473380024468,8558.069253971926,44
2014-01-07,5720.837104181621,4143.65070429016,7134.565760311203,44
2014-01-08,5387.512403836283,3735.8914552375,6942.053387581168,44
2014-01-09,5195.5870611981845,3720.9795932239012,6747.241506812724,44
2014-01-10,5377.060133339877,3901.645343481544,6963.471507046098,44
2014-01-11,3525.682511591886,1979.4742122648704,5071.246011785853,44
2014-01-13,6632.204095863258,4940.975991397018,8204.630114846475,44
2014-01-14,5473.374967943359,3900.3656970673946,7158.335515379074,44
2014-01-15,5177.060843487192,3706.909010901995,6734.976290813447,44
2014-01-16,5021.40452833068,3502.414826882322,6454.855165110014,44
2014-01-17,5237.966438725092,3737.4824949950985,6804.367361426401,44
2014-01-18,3420.105870504904,1958.7272761742029,5003.6582839870935,44
2014-01-20,6587.634314370838,5010.8829393875585,8033.806943503394,44
2014-01-21,5455.771622967439,3810.797176879603,7122.574855760501,44
2014-01-22,5183.806258873084,3574.2060933228554,6737.339384534317,44
2014-01-23,5049.75197297459,3458.353843441581,6605.094038658319,44
2014-01-24,5285.090410521001,3683.5899039985866,6852.912026928275,44
2014-01-25,3483.1495642334066,1965.1686520260544,5038.08328056722,44
2014-01-27,6674.038043324195,5121.372993464737,8168.982819277415,44
2014-01-28,5549.757190153865,4003.2809655545284,7053.700332838791,44
2014-01-29,5282.791213624356,3742.5276061801746,6736.04809533706,44
2014-01-30,5151.300878334713,3485.7448077073805,6641.8640383391885,44
2014-01-31,5386.937302661061,3808.744079062058,6951.952066290421,44
2014-02-01,3583.2161222092955,1942.6498820300487,5120.150404679495,44
2014-02-03,6765.126423043557,5239.412076631985,8362.160230209744,44
2014-02-04,5634.079034971575,4131.597960154232,7142.116622313373,44
2014-02-05,5359.124433145474,3809.928400138414,6961.525201017378,44
2014-02-06,5218.6479152879665,3743.860079460401,6892.922124951844,44
2014-02-07,5444.524264470616,3897.2854131794693,6999.699687055008,44
2014-02-08,3630.490010511332,2098.2539143432327,5192.482458805174,44
2014-02-10,6790.975563902036,5149.031645233402,8312.257721254495,44
2014-02-11,5649.231275434051,4153.087918436198,7259.2724870706725,44
2014-02-12,5363.854165424528,3846.28321922976,6915.265131209753,44
2014-02-13,5213.41682044431,3584.351665737832,6697.522982441087,44
2014-02-14,5429.97159502774,3880.3244469348383,7024.96805650583,44
2014-02-15,3607.421925763767,2107.5842182745773,5089.633818568895,44
2014-02-17,6753.903205368699,5060.745363099386,8389.709519535798,44
2014-02-18,5606.940835044713,4128.853528339393,7161.16357059767,44
2014-02-19,5317.6907490991325,3729.315253767675,6804.22423295985,44
2014-02-20,5164.82159437323,3584.3595524583047,6697.432932461472,44
2014-02-21,5380.463342643692,3732.2399592064867,7016.788278602896,44
2014-02-22,3558.577008722421,2136.787656562505,5068.562315277098,44
2014-02-24,6711.234736722954,5196.964036360737,8209.732375128151,44
2014-02-25,5569.786641042143,4083.212729068718,7108.073088878607,44
2014-02-26,5287.627018914794,3611.986356331631,6714.2258326459505,44
2014-02-27,5143.360767970358,3624.0434852800013,6824.398780672639,44
2014-02-28,5369.027196362684,3923.246231897332,6927.441617967412,44
2014-03-01,3558.4697350872966,1921.1631391923138,5107.636324003539,44
2014-03-03,6737.096455697812,5143.600207713856,8335.896154653687,44
2014-03-04,5609.926128848364,3949.62329766883,7105.204297968651,44
2014-03-05,5342.627726284579,3737.7509207812104,6810.279371213566,44
2014-03-06,5213.573279822138,3676.4393669686956,6744.952350437659,44
2014-03-07,5454.554269915598,3871.739542817542,7013.073131538681,44
2014-03-08,3659.155408786318,2052.8717371387634,5298.464958561988,44
2014-03-10,6866.569948430925,5413.110129402611,8449.231013380493,44
2014-03-11,5752.500061833894,4157.580962509626,7210.086158860916,44
2014-03-12,5497.099395152387,3978.0964694884324,7003.211944448023,44
2014-03-13,5378.502119236676,3836.032204303197,6998.754187912412,44
2014-03-14,5628.282434102892,4032.2484038679104,7361.70704896657,44
2014-03-15,3839.8336601973615,2240.372424039775,5450.9917349328225,44
2014-03-17,7054.993746969889,5592.248473235747,8799.78228535487,44
2014-03-18,5941.507903976245,4308.780648217573,7528.124572990663,44
2014-03-19,5684.426072809412,4242.264673472969,7264.391061443574,44
2014-03-20,5561.882750030118,3967.6043563397197,7077.74659296831,44
2014-03-21,5805.498000303218,4243.990050692691,7359.029919437143,44
2014-03-22,4008.756725622371,2415.616596299791,5553.773600219702,44
2014-03-24,7201.537944186505,5728.517054929857,8770.411161320311,44
2014-03-25,6074.363981444713,4449.67701997168,7600.516906441693,44
2014-03-26,5802.255940278842,4217.100044427748,7357.670499597337,44
2014-03-27,5663.633653027122,4055.622478507309,7244.408372749147,44
2014-03-28,5890.427258913395,4256.077975823644,7445.8576038311685,44
2014-03-29,4076.4498464949993,2556.9866716607316,5756.403756310406,44
2014-03-31,7234.874982625431,5607.066507973314,8812.14814317627,44
2014-04-01,6091.261322129885,4496.115699301319,7453.33362187387,44
2014-04-02,5803.643892506011,4184.2159383276385,7297.68577921424,44
2014-04-03,5650.747908301093,4042.9519642421346,7178.930368211216,44
2014-04-04,5864.781499546989,4246.98355513055,7464.19553791814,44
2014-04-05,4039.801608434059,2396.774983269117,5585.635287931238,44
2014-04-07,7182.264065220769,5604.710218908609,8742.90579464701,44
2014-04-08,6033.957980746147,4445.769924568792,7494.798902923188,44
2014-04-09,5743.934346649413,4116.295431949295,7168.97802851794,44
2014-04-10,5590.9218970611255,4059.707232492145,7151.822904148183,44
2014-04-11,5807.0783533476,4228.552541326589,7343.072922733639,44
2014-04-12,3986.357400224985,2434.8453903772124,5526.204926667988,44
2014-04-14,7143.084394941703,5515.118576079956,8614.50861365255,44
2014-04-15,6004.341112829528,4582.075120272517,7659.818193737977,44
2014-04-16,5725.14158750673,4115.190839523227,7392.99334175204,44
2014-04-17,5583.907234393802,3995.375710475106,7098.676905482658,44
2014-04-19,4004.4327435817677,2501.5233054572755,5491.98013042012,44
2014-04-22,6058.738536452127,4444.529862313899,7563.146567085198,44
2014-04-23,5789.975119157492,4275.660655680592,7394.15665201448,44
2014-04-24,5657.850884888808,4156.529587813836,7270.48572768872,44
2014-04-25,5893.949566694754,4408.813164811224,7367.8847929244985,44
2014-04-26,4091.6791417741233,2511.2355374797526,5710.811601607239,44
2014-04-28,7278.870451824835,5690.962411587886,8897.55350560041,44
2014-04-29,6151.306434427048,4555.588914279259,7698.895028341981,44
2014-04-30,5880.145690755583,4290.901516068399,7438.892371805074,44
2014-05-02,5973.299433862055,4335.357006982907,7461.797602462097,44
2014-05-03,4162.860709418067,2622.82603067689,5707.163988470031,44
2014-05-05,7329.17146345916,5868.844922927957,8931.654644395961,44
2014-05-06,6189.394642570182,4668.159453097644,7752.519941048122,44
2014-05-07,5905.218077415186,4436.208142655549,7510.449287462555,44
2014-05-08,5755.14126552369,4144.719830883987,7301.765641783082,44
2014-05-09,5971.1664373681315,4401.310431177024,7543.129861258489,44
2014-05-10,4147.168177979785,2583.27362969209,5777.895088204857,44
2014-05-12,7287.970461569934,5681.165983770646,8813.403695190773,44
2014-05-13,6136.80045027229,4677.5120123507495,7743.330079511781,44
2014-05-14,5842.461573070435,4434.074696969121,7375.137295040872,44
2014-05-15,5683.651399215552,4210.718502769171,7297.2863829619955,44
2014-05-16,5892.528539387705,4391.867264704353,7494.882406564409,44
2014-05-17,4063.0785976785924,2483.8822615558647,5460.010867598798,44
2014-05-19,7198.270821899209,5609.979369414676,8837.371490444611,44
2014-05-20,6046.92283320483,4570.371730090552,7788.427424192451,44
2014-05-21,5754.06504898113,4143.5942561212205,7201.235478920438,44
2014-05-22,5598.270106916953,4054.373865781809,7293.617086092126,44
2014-05-23,5811.531783512949,4449.629549401974,7417.9615397143125,44
2014-05-24,3987.6360864004637,2367.092738430666,5512.143106224252,44
2014-05-26,7136.510709222987,5618.026955510269,8668.421555791872,44
2014-05-27,5992.77568080739,4509.135688055848,7643.413854531468,44
2014-05-28,5707.685081824528,4257.3504548669835,7310.401520382719,44
2014-05-30,5779.840945276165,4299.524202986579,7380.554484459738,44
2014-05-31,3962.472026131226,2427.851105826091,5536.082015877417,44
2014-06-02,7121.6439663770325,5614.5104500955595,8692.59762171265,44
2014-06-03,5981.318615721943,4338.277373604137,7564.656734934916,44
2014-06-04,5698.2974906792715,4111.07583815144,7217.832451418002,44
2014-06-05,5550.796066045098,3997.487798056472,7209.859266585591,44
2014-06-06,5770.501454843456,4351.962240172024,7321.9831868846695,44
2014-06-07,3950.951335583033,2380.060999329927,5444.0747984522595,44
2014-06-10,5955.044836048068,4322.82991017112,7507.3028603766215,44
2014-06-11,5664.762916834039,4152.571566969045,7118.9217046597505,44
2014-06-12,5509.106684315899,4017.2199810160187,6939.503193885769,44
2014-06-13,5719.967679712547,4210.435812401275,7274.19439958209,44
2014-06-14,3891.105014113632,2338.087341954355,5357.86294642623,44
2014-06-16,7022.611638068317,5500.749101760984,8601.663207586238,44
2014-06-17,5866.784907528451,4234.32107559196,7438.880582068099,44
2014-06-18,5567.644405136921,4001.696543294536,7098.7222901403575,44
2014-06-19,5403.7963469645365,3835.7254117241273,6961.906176948581,44
2014-06-20,5607.321464184893,4073.937108854644,7160.495188877044,44
2014-06-21,3772.1432471895378,2250.7339066963978,5284.013921672197,44
2014-06-23,6894.591842116138,5280.686261838069,8444.879812018333,44
2014-06-24,5736.198714696631,4148.096263168876,7276.664499782425,44
2014-06-25,5435.861895703189,3925.354907520641,7094.533050600671,44
2014-06-26,5272.1921089165235,3789.1807446618595,6810.17632540094,44
2014-06-27,5477.24267957063,4073.7906826595295,7096.605413068804,44
2014-06-28,3644.880138115113,2169.0330393589607,5292.677483711244,44
2014-06-30,6775.901926913194,5291.362639399738,8429.005221077541,44
2014-07-01,5623.323745214388,4033.7984903387855,7204.430813839036,44
2014-07-02,5329.643203319698,3715.8440109292383,6853.994830167375,44
2014-07-03,5173.326976702225,3644.865577583883,6709.4625659707235,44
2014-07-04,5386.281976090195,3814.5801830188207,6873.480151087551,44
2014-07-05,3562.2311256677867,2067.6281935271977,5055.032536735165,44
2014-07-07,6711.139799442402,5213.893196514693,8256.64287418021,44
2014-07-08,5567.618529118911,4008.96112631213,7187.620499401685,44
2014-07-09,5282.945754989224,3748.3557930458355,6830.480522099873,44
2014-07-10,5135.5205828932285,3574.28765979811,6648.9847697666455,44
2014-07-11,5357.204953451397,3787.8665186973594,6939.871636419181,44
2014-07-12,3541.699796920333,1959.523991846666,5003.351825623382,44
2014-07-14,6707.171253998035,5080.887126029495,8317.262032596353,44
2014-07-15,5571.728006130439,4042.015569856592,7133.089079249557,44
2014-07-16,5295.065806287609,3717.8762043319175,6787.698590490523,44
2014-07-17,5155.649978423832,3636.872598373706,6684.461963097339,44
2014-07-18,5385.415548519991,3898.0209048904653,6936.826810901652,44
2014-07-19,3578.13856697317,1944.4466976539989,5210.352022553918,44
2014-07-21,6760.78768097098,5153.332802932053,8222.82602894973,44
2014-07-22,5634.409022094911,4180.929009880333,7208.500308212315,44
2014-07-23,5367.179147930706,3781.315500184619,6777.831709242051,44
2014-07-24,5237.575373864329,3601.0412368622956,6888.677347903331,44
2014-07-25,5477.519833912653,3832.552294017835,6927.489682896084,44
2014-07-26,3680.7483014405525,2097.9828814980633,5121.384646194676,44
2014-07-28,6885.081680898403,5273.022776820746,8415.068218426217,44
2014-07-29,5769.2541017509275,4180.850672963422,7261.336360115818,44
2014-07-30,5512.451714088639,3951.5726773299098,7086.530718035593,44
2014-07-31,5392.972702758194,3857.0500269582567,7006.950243981889,44
2014-08-01,5642.539496528568,4100.2850303606565,7082.78115213934,44
2014-08-02,3854.672369692287,2437.290223583691,5425.591998573324,44
2014-08-04,7073.754165618944,5500.61298315337,8699.133062197967,44
2014-08-05,5963.715888772079,4194.998293925176,7455.430470532022,44
2014-08-06,5711.086289970842,4157.8832024613475,7181.660367038561,44
2014-08-07,5593.964062542959,4103.774757616647,7203.782922975084,44
2014-08-08,5843.8963643751895,4438.336423569839,7482.743909855109,44
2014-08-09,4054.2590995155715,2472.9802533228026,5666.800102930953,44
2014-08-11,7263.006485015166,5704.062619235,8847.629777228556,44
2014-08-12,6144.320402897436,4630.846051467559,7663.399408448206,44
2014-08-13,5880.747771988845,4304.050872863598,7401.74637522423,44
2014-08-14,5750.470275400579,4218.431523728618,7268.444844589261,44
2014-08-15,5985.170216368998,4457.893335704688,7603.103103512064,44
2014-08-16,4178.409840765696,2678.405913379878,5874.291459727377,44
2014-08-18,7348.224070246995,5902.594584860558,8905.559260480024,44
2014-08-19,6208.327548778745,4723.989410947285,7830.8750085245365,44
2014-08-20,5922.841134752651,4186.752025660102,7434.54406985999,44
2014-08-21,5770.324613668248,4123.133135265959,7230.683024058034,44
2014-08-22,5982.855186700512,4484.824898800394,7583.1022107667995,44
2014-08-23,4154.397450902088,2514.2643473691055,5756.029087618646,44
2014-08-25,7283.820462816395,5719.913704906524,8822.884786240462,44
2014-08-26,6125.982758095728,4448.956825860621,7621.221633999651,44
2014-08-27,5824.132298611703,4144.695803255119,7383.294593965984,44
2014-08-28,5657.501288163623,3969.2201944272288,7152.321201044113,44
2014-08-29,5858.40944969261,4286.080944657602,7394.584180476117,44
2014-08-30,4021.0074828385077,2390.9127966697192,5538.906883301462,44
2014-09-01,7141.006018936292,5583.441481333524,8643.420941745648,44
2014-09-02,5982.734361551812,4361.033049576703,7544.136343191382,44
2014-09-03,5683.597972430369,4141.315049441681,7196.321859285869,44
2014-09-04,5522.298986288734,3867.4327513817057,7075.800302777683,44
2014-09-05,5730.941950798121,4043.0228883255386,7261.8764113003845,44
2014-09-06,3903.401447777218,2423.2706961538825,5413.1857251711535,44
2014-09-08,7048.133738361662,5466.057305067596,8617.31278798613,44
2014-09-09,5903.942721528088,4403.292545572239,7522.520442682703,44
2014-09-10,5619.450138222822,4071.8131450028527,7181.741699617901,44
2014-09-11,5472.901509015888,3844.1900109643116,7044.324990083684,44
2014-09-12,5695.941268644348,4127.847451336265,7208.586506368193,44
2014-09-13,3881.9925687482737,2225.9693118539058,5492.6673209698965,44
2014-09-15,7049.8035050177905,5428.513140437416,8564.801104952661,44
2014-09-16,5914.346675150666,4362.4973352390025,7460.59249600574,44
2014-09-17,5636.298980406335,4074.9676668201164,7151.923335717397,44
2014-09-18,5493.667138611453,3936.8402170788727,6980.877546074485,44
2014-09-19,5717.9261288392145,4034.9945756652864,7304.109894763504,44
2014-09-20,3902.4043509489766,2281.5006510314074,5491.38319649695,44
2014-09-22,7058.705177663634,5473.2769293322735,8592.006101611858,44
2014-09-23,5913.515771190436,4311.690377177411,7409.590024975362,44
2014-09-24,5623.348479282751,4160.443311289825,7199.105638944398,44
2014-09-25,5466.28678709451,3729.1373254554073,7086.477920792602,44
2014-09-26,5674.369716243918,4042.660326883016,7163.534590850882,44
2014-09-27,3841.3334290544253,2261.503917108476,5469.649239917495,44
2014-09-29,6960.434728709841,5338.630578270052,8566.492467768003,44
2014-09-30,5796.553839378142,4234.463861079339,7327.350777774242,44
2014-10-01,5488.3177860619435,3977.042682019116,7027.7802491752345,44
2014-10-02,5314.53042881208,3671.931907059196,6886.244489765215,44
2014-10-04,3661.4436948309167,2201.1398645760764,5164.031447444889,44
2014-10-06,6762.30574095195,5134.737528140848,8311.049559159597,44
2014-10-07,5593.855627741989,3974.1550729032947,7151.585243152213,44
2014-10-08,5284.392424662721,3764.133361609605,6842.564014870113,44
2014-10-09,5112.851361717864,3614.9407815926156,6710.429753856087,44
2014-10-10,5311.594837802836,3852.7832418653497,6743.017088213807,44
2014-10-11,3474.773708606271,1972.3356101021814,4858.3381299200455,44
2014-10-13,6603.957180318348,4981.856893153712,8243.52691604231,44
2014-10-14,5454.079590023375,3909.4265379257927,7079.5549697995475,44
2014-10-15,5165.667894837048,3489.3233368296937,6549.753410038518,44
2014-10-16,5017.229411215465,3437.8231391244526,6525.94739162762,44
2014-10-17,5240.646337599797,3677.8706574337916,6833.336736858644,44
2014-10-18,3429.5494134453347,1816.0749814149237,4977.125712352237,44
2014-10-20,6611.135544368352,5106.1471972783565,8158.112983880144,44
2014-10-21,5486.82210196849,3962.396611952786,7151.781703201995,44
2014-10-22,5222.8263000084635,3607.4790405399963,6729.035370964629,44
2014-10-23,5097.149285413912,3571.6924627402905,6576.93137392688,44
2014-10-24,5341.212846303948,3743.2907702227467,6909.97324696057,44
2014-10-25,3548.240595024037,1995.1048414463282,5003.013170791308,44
2014-10-27,6757.274118106424,5278.849421755722,8334.72336538521,44
2014-10-28,5641.86225139369,4007.0791430339614,7246.217596892969,44
2014-10-29,5383.421272985113,3829.1934351608456,6967.827087900242,44
2014-10-30,5259.970120661385,3758.612595178071,6811.372406092159,44
2014-10-31,5503.042539428235,4016.743218864809,6961.686592206077,44
2014-11-01,3706.071021150934,2074.9274540455185,5299.977703828504,44
2014-11-03,6899.309655218322,5342.561921109207,8598.656507086918,44
2014-11-04,5772.914125824318,4210.888510168589,7362.565946783311,44
2014-11-05,5502.079497499828,3976.742259351421,7079.973002108134,44
2014-11-06,5365.371272751916,3767.1354785301173,6880.611983431745,44
2014-11-07,5594.9015265415355,3883.8221631547235,7040.676520379374,44
2014-11-08,3784.697462208926,2113.3332105940376,5225.4501230122705,44
2014-11-10,6954.764490813481,5335.105051865365,8520.37461052471,44
2014-11-11,5819.556784852835,4371.21254703878,7386.517420904113,44
2014-11-12,5542.442082675531,4061.235801848782,7232.036239192648,44
2014-11-13,5402.425025069007,3779.1609887415516,6974.416850488884,44
2014-11-14,5631.9825900749765,4084.91490576433,7159.164655777881,44
2014-11-15,3825.421520509735,2374.199083393321,5520.383730347093,44
2014-11-17,7014.260715340493,5444.216694612204,8571.607140164031,44
2014-11-18,5894.244319253391,4366.275418554374,7385.017305223307,44
2014-11-19,5636.054849639164,3928.564258609957,7188.312533988923,44
2014-11-20,5518.461616319408,3933.416556903279,7098.47877964691,44
2014-11-21,5773.603517896078,4323.011416388637,7281.589030026781,44
2014-11-22,3995.352636033805,2525.583624493271,5686.75837142008,44
2014-11-24,7246.822053755457,5735.60482902964,8711.80673972252,44
2014-11-25,6159.861801927361,4526.7119750707325,7763.913145894372,44
2014-11-26,5934.953844509408,4422.384532856679,7546.256724474354,44
2014-11-27,5850.119509832087,4264.836161908794,7443.663899448529,44
2014-11-28,6136.732438477732,4599.6413713990005,7633.313283069574,44
2014-11-29,4387.899473430574,2732.6230517847666,5988.086028761144,44
2014-12-01,7689.088783350871,6140.862333820369,9230.981354185213,44
2014-12-02,6621.055069044146,5067.598528093857,8181.086424634493,44
2014-12-03,6410.301446292109,4871.033026368653,7914.537101964046,44
2014-12-04,6334.3336373501825,4773.92794364856,7881.132741265759,44
2014-12-05,6624.102055503015,5102.674431351975,8145.1012678309635,44
2014-12-06,4872.392770007741,3338.8956994058885,6480.693122703445,44
2014-12-08,8149.007513932076,6609.499771375568,9637.251567551892,44
2014-12-09,7059.204092485035,5505.938013825043,8677.807406591377,44
2014-12-10,6820.509002972796,5089.285966614368,8371.830364097947,44
2014-12-11,6710.686168209744,5166.651678458574,8321.78555482287,44
2014-12-12,6961.055447052184,5415.834189014937,8599.423036192973,44
2014-12-13,5164.876302055986,3668.92032300281,6729.7891416698285,44
2014-12-15,8339.693633411516,6800.362037416808,9964.172124489609,44
2014-12-16,7193.9343911700025,5639.6125257793055,8799.239684496208,44
2014-12-17,6896.928699386936,5354.42512213326,8352.744682852934,44
2014-12-18,6727.256905344028,5188.518899288346,8373.434753194328,44
2014-12-19,6917.079296805754,5388.653877230548,8501.966333097915,44
2014-12-20,5060.503431898059,3489.4932672108807,6704.253205592959,44
2014-12-22,8118.3115959586075,6603.647145941625,9735.609630494104,44
2014-12-23,6917.53097237751,5409.269175282737,8549.958786104755,44
2014-12-24,6568.8073792335545,4817.03199501269,8058.148113422511,44
2014-12-27,4603.229211293367,3048.1160268646795,6204.09063357945,44
2014-12-29,7601.301958035942,6024.15661808074,9254.32377686739,44
2014-12-30,6379.476325072225,4767.332396089398,7885.777063292149,44
2014-12-31,6015.762508801161,4467.4160002673025,7577.454946734777,44
2015-01-02,5933.047742310308,4478.47731480911,7579.985941177716,44
2015-01-03,4041.117379704495,2431.288338360688,5560.160194839626,44
2015-01-05,7061.0585285663155,5539.954781144952,8582.779733485264,44
2015-01-06,5857.524550584081,4400.069417685159,7315.75086302135,44
2015-01-07,5516.405200174342,3966.23253147626,6946.660804597545,44
2015-01-08,5316.4316410663205,3661.7369251601785,6843.576020222945,44
2015-01-09,5489.708073729967,3893.124366617145,7032.971179126567,44
2015-01-10,3630.086601389472,2092.8536055033865,5178.763198572508,44
2015-01-12,6720.355019980181,5168.931553064106,8375.533911540995,44
2015-01-13,5553.686559983944,3965.051092181618,7075.780509729674,44
2015-01-14,5249.823885315963,3598.698871929116,6890.931746921183,44
2015-01-15,5086.972665932673,3649.621323471318,6676.9612042548715,44
2015-01-16,5296.746380360696,3721.7183300943957,6786.747629278069,44
2015-01-17,3472.547411452768,2020.1045587575807,5102.269791257685,44
2015-01-19,6628.871322425048,5029.027051532519,8028.92093559095,44
2015-01-20,5492.180059146123,3856.0034122854227,7029.533078820932,44
2015-01-21,5215.911975020597,3672.545188726054,6854.4681534316,44
2015-01-22,5078.078049666932,3533.5971796360727,6707.354967126582,44
2015-01-23,5310.149782406392,3713.589469844398,6899.302284302217,44
2015-01-24,3505.438450460127,1885.0931732122692,5143.443890448831,44
2015-01-26,6692.179951977487,5196.661889889676,8370.201521378853,44
2015-01-27,5566.463905356064,4011.861124471451,7148.74485958035,44
2015-01-28,5298.443188601372,3808.5458101909567,6865.295353265888,44
2015-01-29,5166.241455205366,3667.047538391391,6740.378980029513,44
2015-01-30,5401.470912174623,3932.4973910849053,6954.261686381054,44
2015-01-31,3597.607105035206,1966.3961914855824,5111.4061329590195,44
2015-02-02,6779.862128313084,5353.323624777741,8400.221735878173,44
2015-02-03,5649.22056572914,4112.985422209462,7088.163601482454,44
2015-02-04,5374.7738132011555,3873.673512803081,7002.053368690374,44
2015-02-05,5234.867939800375,3614.616697382352,6681.316241514446,44
2015-02-06,5461.339565989201,3871.669155268895,7045.259278514917,44
2015-02-07,3647.888310324713,2082.388263720795,5201.349399009099,44
2015-02-09,6809.362579594517,5262.807218225228,8426.63717255796,44
2015-02-10,5667.957822128554,4126.444520220912,7324.614778194588,44
2015-02-11,5382.7758866455,3741.1442381112806,6949.938971205103,44
2015-02-12,5232.360989262387,3604.162562504839,6664.695176346305,44
2015-02-13,5448.739325372643,3788.977797138255,6948.91537656109,44
2015-02-14,3625.790601123292,2044.720515810574,5164.135249811787,44
2015-02-16,6770.724637075807,5298.640454680342,8364.845402450079,44
2015-02-17,5622.581086108501,4093.442959549546,7159.837047427013,44
2015-02-18,5331.861813905191,3804.8840479365326,6912.9427651730675,44
2015-02-19,5177.227972694523,3500.623013359753,6731.3288615303545,44
2015-02-20,5390.806183335168,3861.912356292916,6974.655318297966,44
2015-02-21,3566.5585288149377,1977.0506427096032,5114.141668845587,44
2015-02-23,6713.628010416084,5208.606049923396,8331.819949268025,44
2015-02-24,5568.979084877189,3950.3949074842153,7081.02689676515,44
2015-02-25,5283.373195646452,3792.463358574521,6794.38513863434,44
2015-02-26,5135.4407029191,3697.5840627220377,6713.955985140765,44
2015-02-27,5357.251152005113,3760.4582197715663,6892.185434557928,44
2015-02-28,3542.682710060456,1986.3877273985654,5142.041875824552,44
2015-03-02,6712.981426952425,5080.873238471949,8322.5212919272,44
2015-03-03,5581.581916320365,4092.333657747429,7141.276481088721,44
2015-03-04,5310.0736440777955,3815.566171699826,6872.811144421065,44
2015-03-05,5176.877673425732,3565.95593687075,6804.825902593178,44
2015-03-06,5413.834995622048,3796.4586906254835,6945.035816888955,44
2015-03-07,3614.5793300322707,1951.7237407162345,5199.808502266927,44
2015-03-09,6814.968178117681,5216.522253131388,8331.482586516893,44
2015-03-10,5697.815581222429,4201.652578626525,7248.4720242519015,44
2015-03-11,5439.6693716319005,3900.8115056612955,6895.246509751402,44
2015-03-12,5318.694796107785,3793.6082005999438,6854.595415622156,44
2015-03-13,5566.490697000844,3845.049507935466,7085.145352400598,44
2015-03-14,3776.4678597633933,2166.7485726530526,5457.608335586991,44
2015-03-16,6989.741378967838,5317.861657884124,8500.040078142658,44
2015-03-17,5875.937456368421,4311.536940892257,7441.325547963665,44
2015-03-18,5618.936407830722,4070.761838849581,7213.768066000565,44
2015-03-19,5496.8486992731105,3953.6094148455354,7110.810360345979,44
2015-03-20,5741.262264124189,4284.492491311262,7354.0286047216305,44
2015-03-21,3945.622309808774,2416.8381682018426,5457.326805269282,44
2015-03-23,7141.323173971659,5574.152354804791,8665.071228652976,44
2015-03-24,6015.8578269938025,4543.429673486518,7554.416122138339,44
2015-03-25,5745.544292352279,4223.210757914936,7229.554774237107,44
2015-03-26,5608.739248302079,4116.792052132757,7136.678099855656,44
2015-03-27,5837.308825989986,4332.372532654518,7417.777854759822,44
2015-03-28,4025.0027181912756,2358.858642802981,5581.077409081886,44
2015-03-30,7186.2147863930495,5631.087122256879,8661.36600078107,44
2015-03-31,6043.60616040407,4551.76096974347,7660.402167811987,44
2015-04-01,5756.670586758964,4283.335688095383,7364.631389059678,44
2015-04-02,5604.094034677966,4095.9868441473504,7310.075481057376,44
2015-04-04,3992.5848942781395,2451.746986901713,5597.6598762582835,44
2015-04-07,5982.713849270791,4444.678192035171,7549.169705070274,44
2015-04-08,5690.521160505238,4118.571474122216,7257.52252633216,44
2015-04-09,5534.96440801466,3914.4839609976566,7162.137758302318,44
2015-04-10,5748.237841398032,4161.2048734592345,7269.916425054022,44
2015-04-11,3924.339674276547,2311.9990143801365,5443.225226398448,44
2015-04-13,7074.041050370724,5495.679361249512,8646.895580029153,44
2015-04-14,5931.567725341305,4580.411886218544,7629.152128325298,44
2015-04-15,5648.577740266068,4083.547914346711,7211.8600311206865,44
2015-04-16,5503.557571667,3913.591882312714,7092.686276555423,44
2015-04-17,5728.400723285622,4158.836301519875,7246.76572553558,44
2015-04-18,3916.781279500539,2343.271478321917,5517.314999198323,44
2015-04-20,7091.802534454792,5650.686517467303,8737.931769539913,44
2015-04-21,5961.679656158287,4370.906739447555,7579.315203425523,44
2015-04-22,5690.384983487579,4072.609421499541,7268.16008146369,44
2015-04-23,5556.089795506516,4102.1023696957045,7259.132397812187,44
2015-04-24,5790.399052416149,4304.725172500042,7372.163831791568,44
2015-04-25,3986.7321104012744,2413.4283209198484,5551.207398473995,44
2015-04-27,7172.304314358211,5572.9277832045755,8723.435936695474,44
2015-04-28,6044.4905653432415,4535.498009689233,7491.803235440526,44
2015-04-29,5773.419540858112,4214.860131016744,7460.154559673275,44
2015-04-30,5637.248027035225,4051.081717840929,7144.72052985662,44
2015-05-02,4058.04526696173,2503.557809598597,5740.661825680807,44
2015-05-04,7226.496261394408,5538.69230785134,8760.95904713419,44
2015-05-05,6087.87878012433,4425.98153478524,7720.048936942473,44
2015-05-06,5804.8418669169,4250.232282185969,7289.618680975595,44
2015-05-07,5655.827037941093,4030.1740695500807,7246.715119887214,44
2015-05-08,5872.781504125914,4189.197704557237,7489.934904620903,44
2015-05-09,4049.5292294317087,2555.9661446052132,5629.205731979991,44
2015-05-11,7191.100720564389,5670.708822781053,8761.105924722788,44
2015-05-12,6039.885555602254,4477.46595289123,7522.922279401907,44
2015-05-13,5745.183120181362,4174.612529452769,7292.608527699052,44
2015-05-15,5793.525665086954,4159.695195021252,7277.069651275395,44
2015-05-16,3962.716795236321,2321.923657874577,5508.17626500646,44
2015-05-18,7094.269454061877,5422.8276855860495,8582.480917166178,44
2015-05-19,5940.694093199798,4310.647603881592,7422.742745868007,44
2015-05-20,5645.384473585722,4167.175864875985,7166.786179942011,44
2015-05-21,5486.955893820313,3943.9844722119497,7011.4371857412625,44
2015-05-22,5697.449070899334,4061.0254351296317,7282.881746273632,44
2015-05-23,3870.6998625053966,2384.686292302904,5567.694763915966,44
2015-05-26,5867.28075991982,4283.746187787322,7322.453698521219,44
2015-05-27,5579.502904899087,4038.1913364950437,7211.459579662581,44
2015-05-28,5428.828546912565,3920.9820791590264,6980.70885897672,44
2015-05-29,5647.026204990907,4109.167926202861,7168.580093398956,44
2015-05-30,3827.665914086355,2208.2883291077837,5385.85432084718,44
2015-06-01,6983.627191781162,5436.111699622912,8546.692643390812,44
2015-06-02,5842.1085154172515,4252.39747988654,7420.030704854066,44
2015-06-03,5558.172635251104,4077.6006565162984,7120.636253416476,44
2015-06-04,5410.027927686735,3765.550869421055,7020.160141770447,44
2015-06-05,5629.3467335963505,4075.313904395073,7289.52351226352,44
2015-06-06,3809.6448232380644,2306.9207668125227,5403.797660208816,44
2015-06-08,6960.531162888443,5479.111461139598,8562.964335549541,44
2015-06-09,5814.382088135564,4196.201663417054,7411.129492754757,44
2015-06-10,5524.554678675082,3877.772507605529,7036.203737674986,44
2015-06-11,5369.4020421273935,3780.8349119465206,6948.010054612189,44
2015-06-12,5580.7711801680625,3994.145115924729,7169.028409437225,44
2015-06-13,3752.377069495702,2203.7712566272658,5201.045933232648,44
2015-06-15,6884.5347017517,5320.023281092191,8412.307560738069,44
2015-06-16,5728.814640999288,4128.520830123824,7299.231535040491,44
2015-06-17,5429.591560352502,3818.6003291928123,6958.324179574384,44
2015-06-18,5265.445694040379,3678.9189157127644,6854.06564319981,44
2015-06-19,5468.437705940606,3941.9274738524364,7106.211053490885,44
2015-06-20,3632.4772798424074,2059.046634996854,5098.571753866346,44
2015-06-22,6752.590890652483,5267.0123534959175,8300.506009697463,44
2015-06-23,5592.648981642552,4066.606100199077,7028.218952544725,44
2015-06-24,5290.521576416952,3689.653230822881,6737.932966626082,44
2015-06-25,5124.835165663976,3427.493632105548,6625.916026824004,44
2015-06-26,5327.663157910855,3702.649980515743,6871.1570680584755,44
2015-06-27,3492.895624062106,1899.5722380417774,4935.009395212646,44
2015-06-29,6619.239174313596,5094.2964447580025,8219.411295882122,44
2015-06-30,5464.156767113583,4022.8922315790855,7102.952908486836,44
2015-07-01,5167.898876071722,3464.6792567039893,6673.151975520636,44
2015-07-02,5008.958333462087,3468.7875306143583,6624.01429186494,44
2015-07-03,5219.265916840515,3609.0596182396803,6693.468042750912,44
2015-07-04,3392.5653815392407,1928.1052575449717,4877.1335893438045,44
2015-07-06,6536.232536719307,5008.822202527556,8130.685804987275,44
2015-07-07,5390.141252969325,3931.1937335213115,6964.258852061794,44
2015-07-08,5102.9394666420585,3513.332397548316,6598.909702851871,44
2015-07-09,4953.026173095595,3297.5537618220424,6406.183597909868,44
2015-07-10,5172.259101927356,3555.6048736376815,6652.923013352225,44
2015-07-11,3354.3313154001626,1843.6444471448754,4864.8452229386985,44
2015-07-13,6514.997920941858,5026.799134644862,8106.8057544973335,44
2015-07-14,5377.144470361524,3956.6875760432845,6970.579099363003,44
2015-07-15,5098.046679694144,3546.516452019075,6562.231766358447,44
2015-07-16,4956.154984162071,3437.9899275657785,6409.642567520855,44
2015-07-17,5183.390901015366,3770.847692274955,6774.539990957975,44
2015-07-18,3373.5193019753124,1785.3148706230231,4819.391509319885,44
2015-07-20,6550.756460230943,4987.9936025327415,8098.686044203545,44
2015-07-21,5421.557245060972,3883.3832777399903,7059.220398457168,44
2015-07-22,5151.436591953878,3558.5835484045597,6697.528021589778,44
2015-07-23,5018.883259137354,3482.654742752306,6755.080190971789,44
2015-07-24,5255.836484759077,3722.432920741825,6735.779008070497,44
2015-07-25,3456.0547386855633,1918.1861427037036,4936.833252285911,44
2015-07-27,6654.427606182972,5207.832005319752,8184.536803001982,44
2015-07-28,5536.121042655361,3890.903426690224,7002.584468392182,44
2015-07-29,5276.958695976987,3636.409583338045,6793.433843910856,44
2015-07-30,5155.281173332763,3555.7249481974236,6755.349083472985,44
2015-07-31,5402.854363476923,3794.6655061677397,6928.011950677813,44
2015-08-01,3613.241761910358,1983.4392669226459,5254.721849294272,44
2015-08-02,5295.198584199811,3711.9048392329623,6898.871158117825,44
2015-08-03,6829.740617120601,5275.076879939982,8462.511034278377,44
2015-08-04,5718.937977781118,4096.939032565206,7129.994963712481,44
2015-08-05,5465.935720557036,3871.3668235784676,7040.0031730829205,44
2015-08-06,5348.854610680971,3732.932281214513,6914.957583253822,44
2015-08-07,5599.2560814744775,4012.198461460341,7193.090219738322,44
2015-08-08,3810.521658131217,2302.0187483020773,5316.967162330874,44
2015-08-09,5491.253862808102,3898.019484407654,6946.258667999427,44
2015-08-10,7022.35132788186,5478.110225473009,8535.281682790373,44
2015-08-11,5905.80807458333,4367.687707505812,7458.303225587842,44
2015-08-12,5644.738700590332,4152.48193479899,7193.7847862898125,44
2015-08-13,5517.282622511857,4034.732463629089,7207.462916113614,44
2015-08-14,5755.071245768201,4235.907187904088,7329.882388696523,44
2015-08-15,3951.60823457228,2291.582135449987,5477.867509889465,44
2015-08-16,5615.6698242298935,4085.33053399645,7185.993167923644,44
2015-08-17,7128.377871135795,5589.825316785931,8757.76186829982,44
2015-08-18,5991.995608901099,4400.834116772934,7623.709904571169,44
2015-08-19,5709.947908917982,4280.714883223307,7212.812079480387,44
2015-08-20,5560.719288461188,3935.660743215399,7076.1050911776165,44
2015-08-21,5776.313677088738,4185.380453636289,7475.203481818772,44
2015-08-22,3950.6262894129263,2414.260603257732,5489.837046727353,44
2015-08-23,5592.834755373989,4035.0945686567784,7135.562447474292,44
2015-08-24,7084.462439705961,5498.845007450675,8624.89160246967,44
2015-08-25,5928.164177132009,4415.510760868593,7438.891117531127,44
2015-08-26,5627.736493697278,4097.09729602431,7138.884211580378,44
2015-08-27,5462.005836578325,3936.4757957401625,6899.202132716871,44
2015-08-28,5663.279100946235,4095.992755120789,7246.996896023444,44
2015-08-29,3825.7070708086103,2222.5973686039447,5295.636916205665,44
2015-08-30,5458.6681766537995,3811.1816310334743,6982.259970019609,44
2015-08-31,6943.825728913492,5387.4974160288775,8483.409323288155,44
2015-09-01,5783.909049205442,4128.186792693436,7305.351733831335,44
2015-09-02,5482.720728222931,3793.486127366154,7030.375107183327,44
2015-09-03,5319.023647577919,3864.591658566919,6881.379526223539,44
2015-09-04,5524.99212278996,3951.4363654649806,7250.339851153434,44
2015-09-05,3694.5778033748575,2141.705250856311,5162.997617911101,44
2015-09-06,5336.897700823294,3846.8892282152287,6932.57458016781,44
2015-09-07,6833.297420778443,5383.692769482836,8352.083219037304,44
2015-09-08,5686.139889259336,4179.907748867328,7263.936424226743,44
2015-09-09,5398.821623328846,3813.8235240531217,6899.100487424413,44
2015-09-10,5249.669962858531,3595.9384080651207,6841.418186493875,44
2015-09-11,5470.405363430224,3896.0010082747976,6908.077732184664,44
2015-09-12,3654.5190990924084,2143.752892751137,5214.665731119009,44
2015-09-13,5310.67343624034,3970.0055743208604,6938.11122366514,44
2015-09-14,6819.777031261663,5195.907262161432,8379.027410067461,44
2015-09-15,5683.785512894451,4114.551953693519,7280.612094105076,44
2015-09-16,5405.728974388624,3828.285893810888,6953.076792854816,44
2015-09-17,5263.619479899201,3712.7045948532827,6727.323818126686,44
2015-09-18,5488.922394342875,3949.8710249111673,6997.562942401774,44
2015-09-19,3674.9416247352356,2059.6682056194786,5100.921344571708,44
2015-09-20,5330.225611105985,3753.1756716075647,6849.252303069254,44
2015-09-21,6835.646640527594,5314.760938301367,8305.142481283792,44
2015-09-22,5693.203315920254,4162.46054362419,7267.7241832143745,44
2015-09-23,5406.04782911104,3721.0231347030754,7040.432231655302,44
2015-09-24,5252.391123403137,3720.3447377118046,6773.111227352554,44
2015-09-25,5463.969793654285,4039.2884210581974,7011.511933432523,44
2015-09-26,3634.424907506046,1994.9553032996414,5240.999515883315,44
2015-09-27,5272.699737029108,3721.849855088402,6835.315127613576,44
2015-09-28,6760.109177049605,5300.645380342052,8319.061240162899,44
2015-09-29,5599.130931248909,4051.3691945111063,7195.450045334669,44
2015-09-30,5293.420405138358,3683.4714873713406,7021.456578668414,44
2015-10-01,5121.702713875051,3508.4489746796653,6681.031377094097,44
2015-10-02,5316.225999503589,3738.082905246456,6855.2573963252025,44
2015-10-03,3471.1266033479205,1892.9190386206933,5078.770412254805,44
2015-10-04,5095.813449820882,3424.531880382645,6649.65092915818,44
2015-10-05,6572.024780657333,5021.994236714436,8214.161035599862,44
2015-10-06,5402.607668343609,3849.9109640645656,7008.2429824384435,44
2015-10-07,5091.5225719362,3678.7067398183754,6613.732217679308,44
2015-10-08,4917.726633558753,3260.864876452654,6547.3486287219075,44
2015-10-09,5113.620159449828,3658.886958342191,6734.657657552181,44
2015-10-10,3273.4070319135667,1669.0226431125457,4816.504645594657,44
2015-10-11,4906.476554752842,3317.0333870930513,6477.3971887841435,44
2015-10-12,6394.459958622039,4827.856410410552,8051.244981313923,44
2015-10-13,5240.012021154855,3645.1742825972797,6660.432485478815,44
2015-10-14,4946.820027964561,3359.932048109818,6526.965829245398,44
2015-10-15,4793.4936738171045,3229.0980814131826,6396.734758564785,44
2015-10-16,5012.020188575127,3459.2819369111025,6613.093131691608,44
2015-10-17,3196.1352188510464,1564.4167625519203,4803.645501004248,44
2015-10-18,4854.71670183964,3223.002594840923,6492.22244815962,44
2015-10-19,6368.854647573443,4867.908742097755,7995.832522760773,44
2015-10-20,5240.646938540292,3739.919091081592,6919.179655998283,44
2015-10-21,4973.222999746089,3403.507979854345,6496.426271701569,44
2015-10-22,4844.648548941464,3299.7770482981887,6398.641714492846,44
2015-10-23,5086.395314973042,3483.6586728144894,6708.202060756832,44
2015-10-24,3291.7258629319094,1771.7785470641654,4891.792658471141,44
2015-10-25,4969.100384595191,3445.6933307639265,6478.464823583708,44
2015-10-26,6499.258017300244,5051.34568818108,8000.890914811363,44
2015-10-27,5384.022481285458,3860.4803243701444,6945.02127932999,44
2015-10-28,5126.33361303897,3673.782050693756,6659.96113062465,44
2015-10-29,5004.1577789194525,3480.1892174728023,6536.084864843557,44
2015-10-30,5248.960889085593,3747.9129654099233,6771.103664011159,44
2015-10-31,3454.0940436810934,1998.9387354711705,4956.894932301512,44
2015-11-01,5128.198628169739,3577.4410135733738,6805.1008336208215,44
2015-11-02,6652.28344537684,5199.378670868214,8248.102958603222,44
2015-11-03,5528.523764853693,3888.6874856130844,7129.586612684833,44
2015-11-04,5260.284021148444,3720.6791452842,6887.379925041698,44
2015-11-05,5126.017359660601,3608.86616158591,6722.266395687461,44
2015-11-06,5357.7260188418495,3813.707603316301,7018.957673374595,44
2015-11-07,3549.3328972930058,1934.3416810281049,5196.59269232037,44
2015-11-08,5210.071478755949,3678.053587520259,6692.789922598352,44
2015-11-09,6721.547089131609,5163.451701624889,8164.469526679956,44
2015-11-10,5586.51977291257,4022.6173085023624,7219.342109325307,44
2015-11-11,5308.910937286164,3779.458231433683,6806.552768265071,44
2015-11-12,5167.687378087966,3611.805323585805,6789.569960684874,44
2015-11-13,5395.307079932583,3864.7634778884653,6893.652103041724,44
2015-11-14,3586.0775203225667,2052.691178483332,5083.557899286181,44
2015-11-15,5249.533999454196,3678.8665418576225,6727.922762399491,44
2015-11-16,6767.491277219207,5232.58933463211,8308.311318964532,44
2015-11-17,5642.819062745142,4157.943851989483,7182.754217961692,44
2015-11-18,5379.443706343277,3870.491463139045,7108.734947881568,44
2015-11-19,5256.229848561859,3699.8629450114076,6837.881597407255,44
2015-11-20,5505.426494066838,3886.292359492174,7070.284580863598,44
2015-11-21,3721.02824861326,2177.7298379515087,5339.36901900999,44
2015-11-22,5412.159182345481,3821.168419069822,7074.566688461925,44
2015-11-23,6960.132476925943,5432.886254111445,8485.563693251204,44
2015-11-24,5867.236215552068,4268.104581664024,7460.19827114418,44
2015-11-25,5636.74742220522,4101.783596499451,7183.938790854751,44
2015-11-26,5546.827810218656,4036.1384137640707,7161.249387404291,44
2015-11-27,5828.98536989061,4150.426682660146,7406.334447011493,44
2015-11-28,4076.4521607175207,2507.72776328232,5561.236556141015,44
2015-11-29,5797.585373773936,4245.154882388054,7358.726094552543,44
2015-11-30,7372.944408859031,5771.747762925067,8966.829615206809,44
2015-12-01,6304.093908217697,4793.915046289327,7937.367157904852,44
2015-12-02,6093.634441977802,4473.410098934273,7547.038269395671,44
2015-12-03,6019.113910244551,4428.059294203742,7546.518994557617,44
2015-12-04,6311.503422828099,4786.581249566828,7812.600550596831,44
2015-12-05,4563.587688307097,2951.0730862756236,6187.669525544209,44
2015-12-06,6283.376687343427,4812.014194000014,7915.67675090668,44
2015-12-07,7851.191134342842,6340.588973927283,9393.646797764091,44
2015-12-08,6768.471484213848,5313.277234175048,8382.423389539834,44
2015-12-09,6537.812054101611,4889.182722817273,8086.689094132236,44
2015-12-10,6436.873261769881,4778.1937995858025,8005.716195103831,44
2015-12-11,6696.85574126427,5164.16458683981,8275.070335699034,44
2015-12-12,4910.886429616712,3288.537058960234,6425.818512567512,44
2015-12-13,6587.423521262427,4910.133774033399,8153.599371763127,44
2015-12-14,8107.33297226053,6445.07619141317,9678.206165634256,44
2015-12-15,6972.6865397308975,5415.34383415022,8539.211512853788,44
2015-12-16,6686.783199685051,5164.893619463183,8210.850063696409,44
2015-12-17,6528.047255064879,5008.883796320703,7977.8708923070235,44
2015-12-18,6728.487233525948,5151.072035662639,8206.865458839698,44
2015-12-19,4882.066027506055,3293.916204218054,6450.41006661571,44
2015-12-20,6498.089542641542,4902.667259716147,8060.918721315293,44
2015-12-21,7958.266907235606,6200.095720643081,9463.87722287552,44
2015-12-22,6765.492591188682,5212.423898047239,8308.614814128885,44
2015-12-23,6423.852623712783,4790.494192868757,7949.305369799963,44
2015-12-24,6212.5085430296385,4649.815462435244,7797.1638066779005,44
2015-12-25,6364.143467051377,4770.590761989267,7879.907145840178,44
2015-12-26,4473.320988135405,2837.8735853306976,6112.339419393252,44
2015-12-27,6049.864365140454,4449.006520626985,7703.42420902711,44
2015-12-28,7475.909224696743,5962.696704954553,8981.302171240091,44
2015-12-29,6254.680229150275,4658.622138478443,7911.4353829029205,44
2015-12-30,5890.493957624474,4306.473532117775,7424.36448415037,44
2015-12-31,5662.641639377092,4070.0977079149466,7236.84797072819,44
2016-01-01,5803.836083886991,4144.107702612362,7310.159856162319,44
2016-01-02,3908.5734192019713,2206.238773465217,5399.983893366174,44
2016-01-03,5486.516976281229,3952.193021272047,7106.6980782557175,44
2016-01-04,6919.556357429673,5336.857212795243,8478.714067692557,44
2016-01-05,5710.591939065131,4259.264942937144,7239.002752002028,44
2016-01-06,5363.546822048503,3728.1195752966946,6888.920866513913,44
2016-01-07,5157.259615404319,3629.2285031551255,6678.290011928724,44
2016-01-08,5323.9421324027635,3755.486564780694,6897.438824928579,44
2016-01-09,3457.552339733007,1961.2175996674287,4962.0437203081165,44
2016-01-10,5067.189628665741,3576.688273941471,6599.958988957601,44
2016-01-11,6534.165186354545,4984.8283601306775,8036.552336474988,44
2016-01-12,5360.797472472129,3886.4516131668724,7057.814907164867,44
2016-01-13,5050.434590254479,3460.3339932688846,6665.659990607478,44
2016-01-14,4881.3567391633505,3287.6687151661604,6412.870341326326,44
2016-01-15,5085.242659149175,3459.0990061203815,6629.188723594119,44
2016-01-16,3255.550270613772,1671.2164261379496,4775.073576082038,44
2016-01-17,4900.918477043412,3457.773121865797,6487.831176363843,44
2016-01-18,6402.242841507341,4826.1088655020685,7964.218426459861,44
2016-01-19,5261.475110809565,3712.557954949126,6776.726249895171,44
2016-01-20,4981.64837848534,3527.4518161402193,6438.25033557089,44
2016-01-21,4840.781108330802,3415.8378171872127,6454.488704457804,44
2016-01-22,5070.343991365996,3505.303138425726,6606.924405457979,44
2016-01-23,3263.639929061474,1757.5153886231528,4783.818439305992,44
2016-01-24,4929.204219306373,3281.2913070203776,6433.90702309586,44
2016-01-25,6447.877782528945,4897.017095590896,7930.280852735248,44
2016-01-26,5321.603539566488,3870.854509921345,6893.759805691405,44
2016-01-27,5053.447876979446,3531.8436423493204,6702.911211107701,44
2016-01-28,4921.500567685048,3391.3816066176464,6507.023144229134,44
2016-01-29,5157.337263275885,3528.7176662779084,6702.571714400827,44
2016-01-30,3354.394986892738,1760.124202086692,4958.728904116452,44
2016-01-31,5021.367828143794,3475.84490771854,6551.809349413718,44
2016-02-01,6539.275788220417,4976.155130815425,8146.716075852674,44
2016-02-02,5410.256980453296,3851.1757973962267,6949.233548772281,44
2016-02-03,5137.585197101206,3559.5252442549013,6561.122943687085,44
2016-02-04,4999.5662652794645,3364.9300756172765,6530.706702494906,44
2016-02-05,5227.997343403703,3710.2916918207798,6803.4480320593575,44
2016-02-06,3416.539602261071,1780.710902277279,4938.853608817592,44
2016-02-07,5074.111488947757,3508.6307716287984,6614.194339186732,44
2016-02-08,6581.955501714987,5016.352551227686,8181.846993258308,44
2016-02-09,5442.4286467120655,3946.1753158182933,6999.109942915181,44
2016-02-10,5159.0185413191475,3669.3015939686584,6733.393563439514,44
2016-02-11,5010.2385327645825,3449.157469616814,6575.114872807012,44
2016-02-12,5228.085923969423,3615.276381524131,6729.899662586391,44
2016-02-13,3406.413689803231,1837.7270879426637,4949.252547308053,44
2016-02-14,5054.322822858468,3521.348604753935,6677.252486650767,44
2016-02-15,6553.228182633275,5014.924406296715,8161.307524307478,44
2016-02-16,5405.647972970488,3789.2583922984613,6949.582411328519,44
2016-02-17,5115.218776577462,3444.1866644107845,6624.850045559293,44
2016-02-18,4960.589492023241,3458.169678073161,6497.096002745755,44
2016-02-19,5173.878255641724,3620.536843827328,6601.169999056097,44
2016-02-20,3349.0427366302456,1810.8451160710317,4958.076282100984,44
2016-02-21,4995.270964389781,3506.603461770624,6612.580427234874,44
2016-02-22,6494.045596258833,4967.977268585321,8064.462206479225,44
2016-02-23,5347.9317978091485,3796.5265358079496,6932.659636143502,44
2016-02-24,5060.590723387872,3542.586308347693,6630.337576734666,44
2016-02-25,4910.672010165962,3400.3801737074295,6485.379579034792,44
2016-02-26,5130.26944247568,3486.910991905796,6680.294472312046,44
2016-02-27,3313.290252386663,1730.8063245715916,4965.2321894699,44
2016-02-28,4968.84529326206,3497.8000569846718,6402.441914082856,44
2016-02-29,6478.313068678633,4946.526993010777,8132.111891345729,44
2016-03-01,5344.127856282417,3832.062208363742,6937.653253242931,44
2016-03-02,5069.793971568089,3541.3329954359338,6659.715927237439,44
2016-03-03,4933.77962885712,3404.337323511683,6408.354966074093,44
2016-03-04,5167.974584582346,3577.293271913728,6775.55190661194,44
2016-03-05,3366.062038995823,1818.2109663520262,4970.816727113406,44
2016-03-06,5036.912023711349,3420.345550812277,6629.567667398667,44
2016-03-07,6561.649227445339,4921.311213028426,8117.201865661391,44
2016-03-08,5442.445448772166,3892.836167576433,6964.242208321551,44
2016-03-09,5182.538649568471,3675.7550357784107,6809.740731397623,44
2016-03-10,5060.13197606064,3527.233738571098,6706.436281052805,44
2016-03-11,5306.856824671023,3763.392862790487,6946.731358749892,44
2016-03-12,3516.150306222996,1932.9679131110493,5127.017996541347,44
2016-03-13,5196.654201563448,3677.667549580969,6810.116381435199,44
2016-03-14,6729.288218618737,5031.0989024379005,8316.501354282167,44
2016-03-15,5616.047593375902,3984.016079406122,7102.5796988353195,44
2016-03-16,5360.026862254087,3843.276580054678,6849.688308115657,44
2016-03-17,5239.323031660324,3701.0280039601553,6861.709607566282,44
2016-03-18,5485.502089708401,4049.7958588952565,7142.142404611727,44
2016-03-19,3691.9790952296835,2029.4758274890537,5317.423186121935,44
2016-03-20,5367.418836161197,3794.9243694917286,7002.500080094185,44
2016-03-21,6892.809787810392,5355.780117748231,8496.003788079732,44
2016-03-22,5770.261357945112,4241.757949396013,7349.726340033276,44
2016-03-23,5503.026218169274,4015.387846022968,7098.04213923073,44
2016-03-24,5369.400946950954,3748.46024735183,6882.074795530824,44
2016-03-25,5601.188959275577,4038.611674755994,7249.727289650472,44
2016-03-26,3792.0760169059604,2230.3112211582998,5338.0828228993,44
2016-03-27,5451.025399328271,3925.096304336473,6835.808603126646,44
2016-03-28,6959.34558062552,5348.327874166731,8535.364436333606,44
2016-03-29,5819.4805388420045,4179.339933112063,7404.515967814021,44
2016-03-30,5535.024657780022,4007.187606602046,7063.09729179098,44
2016-03-31,5384.615624739527,3910.844948653302,6958.098870262154,44
2016-04-01,5600.389489710613,4083.585911465371,7187.4421832182425,44
2016-04-02,3776.3483783983474,2129.271745209686,5290.713059532277,44
2016-04-03,5421.748139687283,3819.139302424218,7024.72121399012,44
2016-04-04,6918.158970309012,5439.550532194084,8457.195276632428,44
2016-04-05,5768.249331769655,4232.315636195996,7473.096604694932,44
2016-04-06,5475.795293979565,3908.897516563582,6913.822427443179,44
2016-04-07,5319.568864376054,3648.213473043636,6943.344940155793,44
2016-04-08,5531.789599231815,4016.6040643111974,7111.9594053201945,44
2016-04-09,3706.4900931213724,2163.296727651502,5404.562695127744,44
2016-04-10,5352.902699380494,3859.3376597222077,6938.550308135022,44
2016-04-11,6852.520563042639,5406.2662745245325,8352.118389064355,44
2016-04-12,5707.883284801541,4139.421011182384,7240.712350609829,44
2016-04-13,5422.58931837643,3982.4168195310685,7057.97167080166,44
2016-04-14,5275.188592498201,3720.8040569400605,6791.458586292394,44
2016-04-15,5497.639553184662,3983.5097259779322,7111.796459207132,44
2016-04-16,3683.6810894307955,2200.5974576379876,5410.267299397063,44
2016-04-17,5342.226534607212,3732.643983926108,6966.859162497327,44
2016-04-18,6854.432640214259,5341.297206019347,8517.709232579575,44
2016-04-19,5722.493636985688,4229.491972137776,7328.391900398715,44
2016-04-20,5449.662268142603,3937.1559643760384,7008.490999618324,44
2016-04-21,5314.15106102718,3640.404392538522,6845.0778547331065,44
2016-04-22,5547.597805855538,3987.546103277548,7107.945224505566,44
2016-04-23,3743.4454825839193,2185.1194442752117,5392.72090064794,44
2016-04-24,5410.343616637338,3925.5734354305177,7030.799902918175,44
2016-04-25,6929.22376537143,5332.452671302683,8477.099651890685,44
2016-04-26,5802.099077313642,4205.532735649127,7410.3275755988425,44
2016-04-27,5532.08966324135,3925.9064775528673,7084.044837761084,44
2016-04-28,5397.326930417302,3787.222246979434,6897.35306652869,44
2016-04-29,5629.420768204314,4020.044708192956,7056.186097666742,44
2016-04-30,3821.839782325253,2240.251759340712,5501.051021418348,44
2016-05-01,5483.311552558631,3845.3417581969666,7044.881876020603,44
2016-05-02,6994.89564814563,5505.0253466716495,8472.047254896552,44
2016-05-03,5858.779412676631,4280.495956150425,7485.078867712837,44
2016-05-04,5578.298362772713,3999.639926026447,7161.371688179728,44
2016-05-05,5431.8344897209245,3855.8770991299684,6972.540395569525,44
2016-05-06,5651.276518943461,4021.683841289342,7182.712726648391,44
2016-05-07,3830.3925153917917,2265.163243498576,5329.986978466025,44
2016-05-08,5478.222019272753,3893.0557419882803,7005.803776422326,44
2016-05-09,6976.140669154107,5469.947755180772,8436.705510258338,44
2016-05-10,5826.647553536423,4316.474184478611,7508.350072205271,44
2016-05-11,5533.377365019131,3877.351327545313,7096.223701158666,44
2016-05-12,5374.990869966087,3831.8729085030564,6816.043400729312,44
2016-05-13,5583.62795985788,3920.731440564182,7166.977810766558,44
2016-05-14,3753.2738656060073,2159.5644508740374,5347.427798110785,44
2016-05-15,5393.145888828523,3868.15375338541,6901.657820835458,44
2016-05-16,6884.753748264198,5418.971128677927,8417.344483979443,44
2016-05-17,5730.683891675921,4143.86272614468,7319.511736805634,44
2016-05-18,5434.6099212092595,3826.1851452563205,6929.331007814393,44
2016-05-19,5275.182682025261,3719.8872900080137,6915.204081098663,44
2016-05-20,5484.484279403143,3732.341136230388,7131.423835056166,44
2016-05-21,3656.396566670914,2091.3106713715965,5268.457148621491,44
2016-05-22,5299.991382795157,3710.50836732437,6945.742169559805,44
2016-05-23,6796.595528294843,5311.7946632560315,8283.204228971754,44
2016-05-24,5648.580689768931,4169.281097202331,7264.231735178912,44
2016-05-25,5359.380293919465,3695.713656807898,6900.389360927178,44
2016-05-26,5207.386652485599,3692.368171979894,6788.938892894455,44
2016-05-27,5424.412458364309,3862.8316589989245,6917.7828017737265,44
2016-05-28,3604.0669603948054,1955.244115400489,5183.281898105877,44
2016-05-29,5255.15387659801,3783.873722863254,6857.108275141032,44
2016-05-30,6758.7438181227035,5089.897727392687,8297.66226571369,44
2016-05-31,5616.971225993433,3984.8329423821942,7144.932980830772,44
2016-06-01,5333.057608445206,3897.22799866648,6838.633208739177,44
2016-06-02,5185.214266683641,3705.224721148163,6816.663933340864,44
2016-06-03,5405.108421054811,3837.3382178775255,6995.877882946313,44
2016-06-04,3586.242945719344,2100.6347064209476,5212.495516038271,44
2016-06-05,5237.356684582067,3593.684203309069,6773.145863362473,44
2016-06-06,6739.498068153378,5181.795636236508,8319.569311106468,44
2016-06-07,5594.822016917889,4038.9890461629575,7157.017748819882,44
2016-06-08,5306.611938142971,3803.4757979848505,6877.434215705792,44
2016-06-09,5153.180058446722,3584.7905360624713,6768.807552728865,44
2016-06-10,5366.330091715416,3767.430302960411,6950.679826386754,44
2016-06-11,3539.732568229739,2077.854818147065,5100.263534547501,44
2016-06-12,5182.319942146702,3669.78577132423,6776.280749060967,44
2016-06-13,6675.354363224019,5151.478670933319,8184.84235367366,44
2016-06-14,5521.218281432961,3880.4298246275703,7060.568620474056,44
2016-06-15,5223.429885312105,3778.829966689905,6802.358616473589,44
2016-06-16,5060.536815854659,3528.634097071906,6541.9162445013535,44
2016-06-17,5264.572353571073,3595.5613093943844,6928.116740075991,44
2016-06-18,3429.4245961032657,1861.2137854956734,4995.800411616526,44
2016-06-19,5064.225922099285,3518.4755648009573,6581.312457797619,44
2016-06-20,6550.415787920973,5106.245933943686,8100.3855218805875,44
2016-06-21,5390.527163510397,3827.688386985835,6949.5595970396425,44
2016-06-22,5088.19871953546,3509.442273670632,6752.398709889188,44
2016-06-23,4922.066288218168,3422.1127524177496,6532.19949940651,44
2016-06-24,5124.217844527014,3538.5492521246333,6774.237142976859,44
2016-06-25,3288.5625401062257,1833.6547687290742,4950.380077206413,44
2016-06-26,4924.2210672871315,3283.11442962155,6482.209635961962,44
2016-06-27,6412.5903482812755,4805.258937553202,7957.3306154694465,44
2016-06-28,5256.132773701536,3726.7199747361014,6814.864855219663,44
2016-06-29,4958.391991835509,3393.691230804799,6461.3038048105345,44
2016-06-30,4797.8886362825915,3315.2665055003226,6480.373433477477,44
2016-07-01,5006.580083539812,3366.544964118151,6535.437045577267,44
2016-07-02,3178.23460303399,1613.891439406947,4707.777934714466,44
2016-07-03,4821.826997530497,3375.755156917364,6463.943501778358,44
2016-07-04,6318.608546203228,4569.909554021282,7819.439673884466,44
2016-07-05,5170.901293660667,3721.801818227237,6791.291410433277,44
2016-07-06,4882.118514166884,3193.467998723386,6509.207613390085,44
2016-07-07,4730.664579777775,3190.637824870708,6233.568604757923,44
2016-07-08,4948.398184217637,3485.0889996392284,6502.627941032098,44
2016-07-09,3129.0091687482127,1617.9321492228955,4688.037568440001,44
2016-07-10,4781.415958819166,3331.2357799818037,6364.402412747999,44
2016-07-11,6286.836365025487,4704.073519060125,7847.059859400627,44
2016-07-12,5147.581765033521,3564.944206697166,6656.279820087214,44
2016-07-13,4867.0765023273725,3300.700810904084,6356.594725074075,44
2016-07-14,4723.755770165642,3143.3956337355053,6358.401172576445,44
2016-07-15,4949.526004302687,3390.4240131944525,6455.757402485439,44
2016-07-16,3138.1381320465316,1647.8263431300836,4753.800261073861,44
2016-07-17,4798.580814563362,3350.423663027787,6438.572459872991,44
2016-07-18,6312.146586571327,4748.403046928271,7772.247884321424,44
2016-07-19,5181.221078604275,3700.1809856020454,6737.61933770852,44
2016-07-20,4909.297338499452,3426.4007833659816,6476.809689794179,44
2016-07-21,4774.8687081312555,3183.3011054654557,6243.04291824215,44
2016-07-22,5009.88446686249,3417.3001177405604,6557.5827231276635,44
2016-07-23,3208.1187716029126,1709.390051185589,4866.915630615119,44
2016-07-24,4878.560201043573,3238.106049548097,6488.6098630423685,44
2016-07-25,6402.4749612030355,4904.260983588902,7943.482800303027,44
2016-07-26,5282.194067789104,3568.300594664495,6786.634008125719,44
2016-07-27,5021.126625036365,3488.2326801332933,6478.539372221972,44
2016-07-28,4897.6527286165065,3357.7879781968695,6366.455067526628,44
2016-07-29,5143.580241925458,3484.4859665652843,6531.266549185871,44
2016-07-30,3352.5159773401256,1806.8114349152577,4894.363321992673,44
2016-07-31,5033.258555184207,3492.317721314375,6524.6523342932915,44
2016-08-01,6566.865926478066,4958.895672085401,8099.723535269485,44
2016-08-02,5455.447769328739,3954.1279589148994,7008.8023173046095,44
2016-08-03,5202.184740734947,3551.6918502450694,6772.776292018135,44
2016-08-04,5085.227945603978,3539.010552452016,6592.444935003652,44
2016-08-05,5336.162682313376,3758.838559523331,6828.609421849245,44
2016-08-06,3548.386788681006,1911.2184903290515,5119.532339268139,44
2016-08-07,5230.510640849744,3688.0232195913673,6711.220639741884,44
2016-08-08,6763.431565719724,5304.462987720251,8280.181003829835,44
2016-08-09,5649.132652277937,4113.235611355567,7137.2391878091885,44
2016-08-10,5390.707727734842,3906.3141392945668,6921.860241710722,44
2016-08-11,5266.26565918015,3636.5306502864587,6770.97446477539,44
2016-08-12,5507.397860671565,4030.5144274860977,7034.726193955421,44
2016-08-13,3707.559177684232,2116.6933115626284,5354.902039515356,44
2016-08-14,5375.469082166828,3727.5691113648586,6866.647680128541,44
2016-08-15,6892.185856478194,5271.127621749226,8350.074509551276,44
2016-08-16,5759.9037097343735,4213.225527981334,7327.516506814314,44
2016-08-17,5481.9745928419425,3992.0506144315946,7050.177747445585,44
2016-08-18,5336.807916702653,3871.914712860254,6815.860422907466,44
2016-08-19,5556.332140452249,4040.532697828628,7045.409618568488,44
2016-08-20,3734.368529585107,2234.9707393163244,5297.02043121605,44
2016-08-21,5380.024183896157,3836.174052353807,6959.290234707838,44
2016-08-22,6874.757214381338,5273.34495694442,8429.320048752472,44
2016-08-23,5721.164242773168,4206.965481407738,7347.31436102789,44
2016-08-24,5422.992243092697,3648.0679178393134,6910.208554952655,44
2016-08-25,5259.028199215087,3870.183692995517,6822.60366776582,44
2016-08-26,5461.550823303305,3861.2226738234795,6926.213660579413,44
2016-08-27,3624.694914043333,2030.7481710625188,5224.48572110416,44
2016-08-28,5257.835726323176,3622.9863169768873,6898.568212385298,44
2016-08-29,6742.646488363329,5224.518998757743,8306.835158327756,44
2016-08-30,5581.8794737979615,3973.0529328871353,7142.201986771059,44
2016-08-31,5279.372852474926,3774.7651215428477,6839.937646562313,44
2016-09-01,5113.936961851868,3558.3799265468106,6757.679330218296,44
2016-09-02,5317.804370274675,3792.213159028177,6954.234800055577,44
2016-09-03,3484.994391582597,1918.9129891492937,4987.440454136513,44
2016-09-04,5124.69945427408,3506.755335777324,6754.429492081557,44
2016-09-05,6618.346441933629,5136.96301328447,8272.520613888113,44
2016-09-06,5468.38334247899,3864.0610100710883,7029.868172453419,44
2016-09-07,5178.293309831019,3603.266962868677,6691.85667407254,44
2016-09-08,5026.489612769542,3425.4648189151258,6540.772749060269,44
2016-09-09,5244.775631647067,3716.934862419398,6883.705622629464,44
2016-09-10,3426.720313764256,1814.016066663088,4883.307042239569,44
2016-09-11,5081.056210309029,3655.298653231084,6581.004138733346,44
2016-09-12,6588.752906807185,5033.518086269252,8142.948030104376,44
2016-09-13,5451.815863762634,3875.74312890047,7018.47852509635,44
2016-09-14,5173.312442537644,3627.000568414152,6713.717643236056,44
2016-09-15,5031.278264338108,3515.255703763712,6501.0699309567635,44
2016-09-16,5257.187746494415,3817.617272906423,6720.994489543334,44
2016-09-17,3444.338929980461,1818.5100882001764,5015.7471056026525,44
2016-09-18,5101.259452036979,3471.321393879341,6673.045210510379,44
2016-09-19,6608.78624263386,4991.888283661634,8252.50975414331,44
2016-09-20,5468.868770824716,3914.7160223744418,7100.7875052215,44
2016-09-21,5184.597473823255,3647.4935505035546,6780.82927116614,44
2016-09-22,5034.11042724745,3439.3342948544628,6603.679375153474,44
2016-09-23,5249.062067451986,3629.893920597519,6833.616057894093,44
2016-09-24,3423.0041039618945,1721.4464669203226,4931.549044999361,44
2016-09-25,5064.78555750713,3498.329717516873,6613.01447290598,44
2016-09-26,6555.624639979245,4953.827497841005,8049.678170457988,44
2016-09-27,5397.90249249838,3860.791761200697,6955.722577604355,44
2016-09-28,5095.180652833268,3555.3134054540733,6703.287692278787,44
2016-09-29,4926.095590833395,3335.380309541254,6572.003460583623,44
2016-09-30,5122.814437931592,3529.1468373934485,6707.56075722743,44
2016-10-01,3279.4023902745885,1699.2072373470971,4890.863047655559,44
2016-10-02,4905.209080036035,3381.5040209100084,6404.565484666927,44
2016-10-03,6381.926997943612,4831.0182140756915,7874.892573753373,44
2016-10-04,5212.372347949895,3647.956610695806,6648.771971588718,44
2016-10-05,4900.490557686372,3243.2938319742525,6356.584751291485,44
2016-10-06,4725.240114165018,3119.2676880974723,6314.360083893101,44
2016-10-07,4919.039150391456,3373.473015855667,6491.916519539271,44
2016-10-08,3076.125522714139,1532.7859201777283,4714.660300122999,44
2016-10-09,4705.937886828647,3178.707663328225,6284.16942535978,44
2016-10-10,6190.171015822407,4648.2668568238505,7746.292339132721,44
2016-10-11,5031.555843798584,3473.0601317040796,6672.983145258187,44
2016-10-12,4733.86650004396,3175.1926643381457,6249.631152902281,44
2016-10-13,4575.807982231618,3054.500959752859,6144.656050493797,44
2016-10-14,4789.468810464125,3402.906282802212,6344.852184170497,44
2016-10-15,2968.689257533013,1380.2955089139373,4560.256633986763,44
2016-10-16,4622.452461498293,2883.4823375774668,6176.830970038441,44
2016-10-17,6131.951409987703,4668.935994495662,7716.16401988651,44
2016-10-18,4999.381979694506,3354.1548056224588,6574.783413518575,44
2016-10-19,4727.963958534472,3134.5577994269456,6329.794408387949,44
2016-10-20,4595.8433315549855,3008.087170678557,6017.795869124275,44
2016-10-21,4834.559786105981,3266.290705150597,6433.774189509981,44
2016-10-22,3037.4296358021147,1533.045266639931,4651.620446931244,44
2016-10-23,4712.951075003138,3122.457963346344,6262.086935572639,44
2016-10-24,6241.884370697399,4660.185900634232,7767.527551250725,44
2016-10-25,5126.056814952403,3539.572672530919,6710.675426099397,44
2016-10-26,4868.394037281672,3350.704304967486,6370.9417332771945,44
2016-10-27,4746.830670558226,3287.918449671788,6376.831804167539,44
2016-10-28,4992.784087697933,3485.740690460336,6540.627444474776,44
2016-10-29,3199.5412255992287,1588.8612458172468,4701.093552268972,44
2016-10-30,4875.665285786292,3358.193902762034,6344.4350660312175,44
2016-10-31,6402.074860480507,4846.634136655137,7979.172251052095,44
2016-11-01,5280.845315294694,3623.8141506075817,6891.560199650494,44
2016-11-02,5015.234101805837,3392.6610511740505,6487.041977372236,44
2016-11-03,4883.583132416976,3272.521495203634,6450.004950920884,44
2016-11-04,5117.782134228413,3463.1347956819295,6647.483051735105,44
2016-11-05,3311.643254313268,1846.3566849342187,4859.963903744651,44
2016-11-06,4974.294011100075,3385.7465621775295,6567.010968789153,44
2016-11-07,6487.241487728382,4873.4746892771955,7992.938948239156,44
2016-11-08,5353.157978348221,3840.135530657982,6871.831035220438,44
2016-11-09,5075.890163374577,3575.037942128192,6611.530111217446,44
2016-11-10,4934.345361317916,3463.9876613152837,6406.441048657924,44
2016-11-11,5160.939190680342,3547.8626708172214,6782.302161551952,44
2016-11-12,3349.955321950757,1793.4102696911664,4845.388678350641,44
2016-11-13,5010.924802066864,3490.83373079442,6716.576947627624,44
2016-11-14,6525.678205081957,4985.4130943729215,7944.426103568539,44
2016-11-15,5397.121138405546,3767.4594787168508,6893.224847463658,44
2016-11-16,5129.235451693457,3512.4483846794683,6650.707728354342,44
2016-11-17,5000.959912165099,3438.7421076781775,6596.395586523219,44
2016-11-18,5244.63483619934,3656.588584473082,6845.326448291396,44
2016-11-19,3454.3614489200463,1852.0000113997046,5020.731231937777,44
2016-11-20,5139.383479671604,3570.7196271853163,6563.99734695783,44
2016-11-21,6681.144205094256,5217.7224417367715,8283.834986754759,44
2016-11-22,5582.069361479984,4017.06374965535,7112.2298122107095,44
2016-11-23,5345.57810220068,3768.8795285285946,6923.8975702890275,44
2016-11-24,5249.9755343966945,3635.7669846390822,6834.32917408143,44
2016-11-25,5526.911042143821,3960.1785220957645,7160.316399606457,44
2016-11-26,3769.752839977057,2203.5160187984848,5236.247906594535,44
2016-11-27,5486.985899711457,3945.0798147601377,6983.583157758369,44
2016-11-28,7059.286069950357,5392.838310137114,8590.039635645584,44
2016-11-29,5988.320399833803,4392.195406822786,7535.954749349173,44
2016-11-30,5776.775425712893,4230.934919618294,7363.53737273726,44
2016-12-01,5702.266541273868,4183.639179958937,7306.207452811545,44
2016-12-02,5995.812258132037,4486.852867902096,7530.223834604566,44
2016-12-03,4250.223424656783,2690.7245009675444,5796.578328997822,44
2016-12-04,5973.51420248139,4483.105286980118,7594.081488704923,44
2016-12-05,7545.98731805404,6058.970382555099,9150.827739036036,44
2016-12-06,6469.043347067662,4981.284591446265,8109.847294751422,44
2016-12-07,6245.215591223598,4741.06571633382,7915.3766091144,44
2016-12-08,6152.083527188042,4537.963229611797,7743.459406003508,44
2016-12-09,6420.748555967339,4832.265668356282,7936.805004473862,44
2016-12-10,4644.22210433463,3127.0001660687954,6273.42944016991,44
2016-12-11,6330.832924459742,4791.736198994979,7919.752594075051,44
2016-12-12,7861.306216082767,6351.501341243959,9396.137765516156,44
2016-12-13,6737.5644936164335,4994.812147516601,8220.880271899017,44
2016-12-14,6462.75197402631,4964.126233367848,7995.880032512614,44
2016-12-15,6315.135728287543,4717.829748858979,7783.895940978067,44
2016-12-16,6526.567626207394,5049.533828533558,8058.571361905587,44
2016-12-17,4690.857458854954,3062.786128793583,6171.683095095474,44
2016-12-18,6317.164439371782,4720.913915244655,7809.143476011942,44
2016-12-19,7787.060074109109,6179.810684303894,9344.286758974215,44
2016-12-20,6603.312697697619,5101.879488237023,8292.07551565509,44
2016-12-21,6269.895813630573,4741.350768054326,7777.169842275022,44
2016-12-22,6065.873834215258,4457.60870156663,7599.30833501402,44
2016-12-23,6223.849578171588,4696.091646629559,7758.593495999649,44
2016-12-24,4338.324208007767,2769.016652328242,5908.8493200856565,44
2016-12-25,5919.077068883005,4347.534568579996,7500.600880028499,44
2016-12-26,7348.218639294912,5817.199597113937,9013.730703262605,44
2016-12-27,6128.967058697496,4542.522939517959,7597.029284619163,44
2016-12-28,5765.650495386333,4110.058806272264,7358.498251439865,44
2016-12-29,5537.589018699469,4093.9181785497194,7195.645844378752,44
2016-12-30,5677.540352403671,4147.245587339604,7270.76798369316,44
2016-12-31,3780.0601593728416,2198.5930734662834,5302.150712506266,44
2017-01-01,5354.884239036209,3849.7104004087983,6919.3870107837365,44
2017-01-02,6783.985723097654,5098.244688884974,8172.602777845779,44
2017-01-03,5570.357569789098,3981.592699121461,7116.744939496447,44
2017-01-04,5218.022420655157,3593.1576690763536,6665.025061800077,44
2017-01-05,5005.923256495139,3392.585735022263,6782.848755365013,44
2017-01-06,5166.378980362889,3674.7215162603147,6764.590875767988,44
2017-01-07,3293.4553146451017,1824.7964680779423,4793.643706513933,44
2017-01-08,4896.35812352374,3235.1957164906235,6500.692051840634,44
2017-01-09,6356.50197634688,4882.898342245295,7940.356117093008,44
2017-01-10,5176.303989411739,3580.5920179734426,6763.414069845664,44
2017-01-11,4859.204760754992,3357.5402703323325,6448.178581754356,44
2017-01-12,4683.569604801157,3090.4149128173435,6298.40291140069,44
2017-01-13,4881.154009337449,3294.492862081724,6404.469002415245,44
2017-01-14,3045.483525033933,1458.8256744097641,4711.2321649591795,44
2017-01-15,4685.255054016433,3169.0877955801125,6411.320484118963,44
2017-01-16,6181.412242126821,4716.417882815221,7726.367325197896,44
2017-01-17,5035.944936875046,3473.9955562198816,6575.486132203772,44
2017-01-18,4751.9144851670135,3179.671676894189,6367.726887258392,44
2017-01-19,4607.358071854298,3081.0464033057333,6123.430008889,44
2017-01-20,4833.7560479379845,3183.3186455693326,6470.737878324219,44
2017-01-21,3024.4125150012405,1324.3319806161437,4595.997399627859,44
2017-01-22,4687.85621482679,3045.4972970139092,6079.506072699082,44
2017-01-23,6204.914533811981,4640.560068416647,7779.145384030144,44
2017-01-24,5077.510706256882,3570.4647111934955,6686.473989663133,44
2017-01-25,4808.686126581156,3222.3770387709314,6441.700013595092,44
2017-01-26,4676.501114207758,3145.7916049183605,6177.115412507414,44
2017-01-27,4912.498226593036,3367.82516621215,6495.086879283335,44
2017-01-28,3110.078531321956,1591.5041128149862,4684.495805685529,44
2017-01-29,4777.8980246053625,3224.6999272477933,6419.054145334696,44
2017-01-30,6296.937133792987,4776.26084748879,7880.647590787315,44
2017-01-31,5169.293502701552,3554.0609062583057,6782.66339312705,44
2017-02-01,4898.200067786369,3241.2509389390225,6440.862596740818,44
2017-02-02,4761.921848847955,3216.249816405953,6286.453204692392,44
2017-02-03,4992.215609848069,3313.734807256103,6522.541580854345,44
2017-02-04,3182.7028407307444,1625.0900735697583,4777.607789259961,44
2017-02-05,4842.263267707634,3347.8411433438087,6306.460751114818,44
2017-02-06,6352.101830836935,4733.555778262094,7938.176904647398,44
2017-02-07,5214.539311649367,3648.123147166593,6742.033731357952,44
2017-02-08,4933.028587735225,3536.462448820381,6451.090102403845,44
2017-02-09,4786.049894796007,3331.397071702095,6401.434365675318,44
2017-02-10,5005.56919899028,3429.4556511897667,6561.875491620146,44
2017-02-11,3185.410072220403,1535.4559544768988,4685.815212289468,44
2017-02-12,4834.646216812739,3317.460241375152,6517.018981445885,44
2017-02-13,6334.66751859603,4692.05437797143,7800.601661899181,44
2017-02-14,5187.9697554184395,3651.666508573867,6768.219649387239,44
2017-02-15,4898.1698896725065,3342.3993787238205,6505.217557928794,44
2017-02-16,4743.900286556273,3226.8170518393435,6339.299749337633,44
2017-02-17,4957.265934518748,3519.448894331222,6433.365911143944,44
2017-02-18,3132.2150472330054,1703.8432975020269,4780.984495849722,44
2017-02-19,4777.930195162308,3201.5474979938226,6345.032776010692,44
2017-02-20,6275.892861824332,4738.416252961753,7774.147041731332,44
2017-02-21,5128.671582703629,3539.1820043175157,6659.66953513446,44
2017-02-22,4839.935639417834,3293.0237077528514,6395.957880602393,44
2017-02-23,4688.347707174799,3116.1894234273946,6210.777771656264,44
2017-02-24,4906.0195977306,3354.7121105975993,6392.696278335495,44
2017-02-25,3086.881550266713,1496.2935792474416,4640.455892281459,44
2017-02-26,4740.072295296036,3249.2949450127176,6224.045850630466,44
2017-02-27,6247.002864859656,4766.447266900427,7850.675809810107,44
2017-02-28,5110.144382177516,3506.6697508460684,6646.92733043428,44
2017-03-01,4833.041872996178,3274.9024157972103,6410.5370038830715,44
2017-03-02,4694.207556672938,3112.44397522447,6214.830012393384,44
2017-03-03,4925.577806812107,3339.418762546727,6486.448416489198,44
2017-03-04,3120.8842664026874,1553.6401271680081,4802.811899822901,44
2017-03-05,4789.046357394402,3256.8425619082986,6386.327021371932,44
2017-03-06,6311.238153665893,4737.354558186646,7764.536112582531,44
2017-03-07,5189.679825749865,3645.04319413265,6735.5219315007,44
2017-03-08,4927.65565393095,3384.982907338701,6371.99662978311,44
2017-03-09,4803.412001583735,3250.3037660500045,6208.484316503887,44
2017-03-10,5048.619352732402,3448.625590150937,6564.1990668222115,44
2017-03-11,3256.7487950987875,1736.0166796741187,4789.4763039441395,44
2017-03-12,4936.470069384111,3308.1342435978922,6417.5827150596715,44
2017-03-13,6468.724022012651,5018.621077654062,8127.8698161272105,44
2017-03-14,5355.51952903655,3747.851085647442,7013.122265776643,44
2017-03-15,5099.956741945472,3557.29035586819,6629.117453390684,44
2017-03-16,4980.129900829914,3312.3514689345297,6556.901954687031,44
2017-03-17,5227.593675848809,3611.8536197496387,6816.45822043569,44
2017-03-18,3435.743283510213,1872.7418381778946,4959.199594610172,44
2017-03-19,5113.215376260782,3589.8793436383694,6746.271789236398,44
2017-03-20,6640.96243684966,5135.124763736081,8244.015694748889,44
2017-03-21,5521.050659972462,4021.7056417940403,7143.766604347492,44
2017-03-22,5256.683110324526,3736.493064034164,6846.392014164623,44
2017-03-23,5126.101367052556,3621.303092935422,6727.443515168994,44
2017-03-24,5361.049608525279,3787.9613770649707,6905.000287157937,44
2017-03-25,3555.1514060259133,2020.1428864592488,4971.596853146254,44
2017-03-26,5217.306276645899,3661.1836223128794,6812.202467794645,44
2017-03-27,6728.758807581887,5062.869678287119,8241.414027243372,44
2017-03-28,5591.89044278197,3935.6654428100505,7148.726383026423,44
2017-03-29,5310.235854478619,3764.025867785275,6828.663404461544,44
2017-03-30,5162.377265506638,3505.276474035676,6737.269540470283,44
2017-03-31,5380.40085022319,3824.2313307990266,6916.2074313703,44
2017-04-01,3558.2656706656853,2125.7262301777087,5103.362009285319,44
2017-04-02,5205.192395051028,3705.1051106956083,6797.93092881399,44
2017-04-03,6702.7248114923495,5083.621378667797,8353.09277590861,44
2017-04-04,5553.514426435242,3884.0784623225186,6999.479388978917,44
2017-04-05,5261.330261854451,3686.2539407609615,6753.452561986509,44
2017-04-06,5104.947395446762,3517.156739512336,6730.054198953036,44
2017-04-07,5316.598532208257,3791.6159799719194,6769.500993708132,44
2017-04-08,3490.3392016842063,1779.1156211473754,4975.886844168897,44
2017-04-09,5135.433938804606,3544.6607133221064,6715.951502327027,44
2017-04-10,6633.416541449509,5193.962035814004,8263.085273270843,44
2017-04-11,5486.874741638869,3949.6337114467897,7089.547363336677,44
2017-04-12,5199.461416698337,3690.994196702463,6763.956448967135,44
2017-04-13,5049.785861426504,3572.7520143024144,6433.646813220304,44
2017-04-14,5269.869351025562,3772.9867656709494,6817.699852949093,44
2017-04-15,3453.515495996561,1828.1660422034142,4877.302323932516,44
2017-04-16,5109.7026219503205,3522.4498405219483,6762.19805374521,44
2017-04-17,6619.651113351203,4941.130772998053,8183.606305836725,44
2017-04-18,5485.615879059258,3748.611792194814,7001.245536868298,44
2017-04-19,5210.905866434214,3587.855011936363,6741.74866636318,44
2017-04-20,5073.783930669468,3394.65756259143,6661.950989961213,44
2017-04-21,5305.931065197397,3764.7883545446075,6967.844213967877,44
2017-04-22,3500.8252674876358,2011.1750223514043,4993.310741219578,44
2017-04-23,5167.14204919519,3488.831774115887,6716.584270050387,44
2017-04-24,6685.829315011343,5084.629082148365,8151.10889829515,44
2017-04-25,5558.906568375924,3981.5614550006276,7062.258192588294,44
2017-04-26,5289.490192257941,3788.9432888757497,6809.436805073224,44
2017-04-27,5155.697958389897,3616.6960717182674,6736.483289368519,44
2017-04-28,5389.1166480105385,3777.242404828136,6903.47772561164,44
2017-04-29,3583.182969050706,2020.822957162015,5107.156442441436,44
2017-04-30,5246.584725586299,3689.809495584411,6722.149908074335,44
2017-05-01,6760.334948441452,5080.079163774733,8351.229877875663,44
2017-05-02,5626.568968034597,3990.247318936521,7130.613305094924,44
2017-05-03,5348.566238081452,3747.8337665284425,6943.357155349727,44
2017-05-04,5204.650160247353,3564.0714502465653,6731.41552557431,44
2017-05-05,5426.649922768637,3758.370300002463,7023.5986569205925,44
2017-05-06,3608.2746978412033,2062.582469798562,5239.236848880463,44
2017-05-07,5258.50733886446,3678.0702749461307,6761.245616262781,44
2017-05-08,6758.670491920482,5055.751772047098,8306.881205864562,44
2017-05-09,5611.215322491533,4093.5903876690277,7262.593033654455,44
2017-05-10,5319.734894488358,3681.610487894799,6772.329889547944,44
2017-05-11,5162.855681886954,3519.880909770334,6724.0394040522515,44
2017-05-12,5372.691451811328,3788.7388468218846,7006.008182752474,44
2017-05-13,3543.2100789478036,1972.567199940005,5105.006947042203,44
2017-05-14,5183.620630544236,3549.091392670119,6783.969061399347,44
2017-05-15,6675.4338123390135,5013.358554812218,8190.689967719559,44
2017-05-16,5521.246125120877,4102.349729859242,7164.733219470518,44
2017-05-17,5224.749886508733,3682.2610428289845,6780.5012546648995,44
2017-05-18,5064.622681086453,3564.5871551911064,6657.597768887647,44
2017-05-19,5272.980524159489,3631.89626448684,6886.273247391771,44
2017-05-20,3443.7453073883885,1872.1444319680904,5102.8263680385035,44
2017-05-21,5086.03383610078,3608.0401553413335,6662.940488505876,44
2017-05-22,6581.221482325814,4928.211545795763,8078.68753223271,44
2017-05-23,5431.730702099335,3793.6739935545297,6959.312249526332,44
2017-05-24,5141.046438720672,3493.9455609520865,6785.069291822073,44
2017-05-25,4987.611814486151,3386.6978947895936,6431.1878667632145,44
2017-05-26,5203.288212516738,3582.075757276068,6719.315022839348,44
2017-05-27,3381.7301155718465,1851.5545857900297,4883.964352714804,44
2017-05-28,5031.7817987438875,3520.3701850645634,6617.967219661184,44
2017-05-29,6534.548681455779,4943.0540085176,8209.540390531467,44
2017-05-30,5392.193369605622,3877.3964186039843,6985.840920978086,44
2017-05-31,5107.9581988372065,3505.3538864682546,6689.420421210643,44
2017-06-01,4960.067483917673,3428.7194242231426,6531.174185741105,44
2017-06-02,5180.193396959704,3627.0135949107075,6693.832854595736,44
2017-06-03,3361.8356863942518,1918.5735980644702,4921.423245370769,44
2017-06-04,5013.722206538727,3476.123154659755,6586.872570388386,44
2017-06-05,6516.88296789597,4989.02826779181,8073.103588040689,44
2017-06-06,5373.447677654265,3846.433779732636,6928.069211106933,44
2017-06-07,5086.668555700201,3570.0302300395483,6771.264801174602,44
2017-06-08,4934.821641513815,3534.6433590214665,6533.994634167977,44
2017-06-09,5149.670560435357,3632.8568128162806,6700.9869008277765,44
2017-06-10,3324.84304069674,1714.4980006250348,4859.452299771289,44
2017-06-11,4969.22726170679,3401.7459947927473,6439.275786584624,44
2017-06-12,6464.040881816334,4913.2774637526645,8081.509696215886,44
2017-06-13,5311.62287626142,3713.265511356713,6866.442610958654,44
2017-06-14,5015.450149938098,3585.2572086300106,6450.194594728598,44
2017-06-15,4854.032332231134,3301.0658606410902,6406.6414139998615,44
2017-06-16,5059.3689208835,3539.2514376148533,6532.841103311756,44
2017-06-17,3225.319265423104,1645.8355278401652,4683.510257238872,44
2017-06-18,4860.992664270324,3362.7039475405704,6541.759300081221,44
2017-06-19,6347.811606064185,4761.167904220595,7934.930818132452,44
2017-06-20,5188.2984515217995,3633.8853521477,6736.345732657248,44
2017-06-21,4886.087664462137,3196.4247125851266,6489.154827013567,44
2017-06-22,4719.817117149687,3133.709726326744,6252.602092811893,44
2017-06-23,4921.582725755185,3384.7908148289603,6438.607287631642,44
2017-06-24,3085.3069633627138,1483.5259472910218,4656.795557696809,44
2017-06-25,4720.128548275636,3131.5609450077363,6250.140912058755,44
2017-06-26,6207.466328040965,4673.8333177218165,7728.9114802563945,44
2017-06-27,5049.807612328718,3444.2359418059427,6555.068916749676,44
2017-06-28,4750.722988299569,3271.021833759777,6241.23786236392,44
2017-06-29,4588.761040049122,3003.987741729122,6132.285516952061,44
2017-06-30,4795.907098495009,3328.5481042206825,6244.796147731383,44
2017-07-01,2965.9564188430936,1438.629958291996,4601.499832087125,44
2017-07-02,4607.908916577291,2997.6227345022558,6148.465207887262,44
2017-07-03,6103.038304978121,4529.160956017644,7804.704760323267,44
2017-07-04,4953.685704572636,3354.740236993289,6476.282535793967,44
2017-07-05,4663.27957647957,3079.9382957012517,6251.981896582897,44
2017-07-06,4510.235226185478,3001.772383430582,6118.078974709589,44
2017-07-07,4726.417841451451,3166.1576957475895,6320.238582367334,44
2017-07-08,2905.519316529593,1354.747840558832,4294.086128326119,44
2017-07-09,4556.455871098625,3079.0301600764187,6081.41145459946,44
2017-07-10,6060.439210616829,4319.229707867782,7528.482780294923,44
2017-07-11,4919.771232041485,3312.8458937159244,6514.002432005201,44
2017-07-12,4637.864092034429,2959.873764399192,6247.909472178653,44
2017-07-13,4493.138882355537,2952.7286494356554,6095.865914838823,44
2017-07-14,4717.486907839154,3188.5157902215574,6315.351800434706,44
2017-07-15,2904.6438827539578,1339.798692241674,4386.409823195,44
2017-07-16,4563.584148333734,3034.36279192457,6184.430864098503,44
2017-07-17,6075.587779835925,4493.650557306788,7664.425501512829,44
2017-07-18,4943.0307325947915,3496.2637964232354,6597.226998894689,44
2017-07-19,4669.400008503003,3039.7233717550484,6266.158428205869,44
2017-07-20,4533.187266210097,2961.1998945879604,6174.365447810494,44
2017-07-21,4766.345056598367,3178.1116714927093,6297.501373587878,44
2017-07-22,2962.6561879892843,1406.728236057293,4424.156038298567,44
2017-07-23,4631.123508046536,3134.0874880098504,6204.007793182831,44
2017-07-24,6153.033144920485,4634.172243815331,7696.647163892525,44
2017-07-25,5030.74151493787,3419.260528855164,6581.36284037834,44
2017-07-26,4767.688214896829,3144.6931014739,6265.208708607859,44
2017-07-27,4642.288332239972,3099.3262116128785,6145.161275277608,44
2017-07-28,4886.388434631025,3377.310753078999,6509.786862176383,44
2017-07-29,3093.636789742855,1614.1369008556046,4774.432916648953,44
2017-07-30,4772.875113082817,3269.4301935582694,6367.7041063287625,44
